0.16 0.0842192 0.327805 0.83125 
0.16 0.105757 0.319379 0.88697 
0.12 0.0988243 0.34775 0.88697 
0.22 0.166112 0.298817 0.766403 
0.1 0.0483149 0.370606 0.773144 
0.1 0.0432516 0.378172 0.88697 
0.14 0.0447459 0.35422 0.813498 
0.2 0.113438 0.303455 0.813498 
0.16 0.0921514 0.335258 0.741958 
0.18 0.14687 0.313609 0.766403 
0.16 0.0704765 0.341348 0.773144 
0.2 0.113438 0.303455 0.813498 
0.16 0.0842192 0.327805 0.83125 
0.22 0.166112 0.298817 0.766403 
0.12 0.0988243 0.34775 0.88697 
0.14 0.0447459 0.35422 0.813498 
0.16 0.105757 0.319379 0.88697 
0.1 0.0483149 0.370606 0.773144 
0.16 0.0704765 0.341348 0.773144 
0.1 0.0432516 0.378172 0.88697 
0.16 0.0921514 0.335258 0.741958 
0.18 0.14687 0.313609 0.766403 
0.2 0.113438 0.303455 0.813498 
0.12 0.0988243 0.34775 0.88697 
0.16 0.105757 0.319379 0.88697 
0.16 0.0921514 0.335258 0.741958 
0.1 0.0483149 0.370606 0.773144 
0.16 0.0842192 0.327805 0.83125 
0.22 0.166112 0.298817 0.766403 
0.18 0.14687 0.313609 0.766403 
0.14 0.0447459 0.35422 0.813498 
0.16 0.0704765 0.341348 0.773144 
0.1 0.0432516 0.378172 0.88697 
0.16 0.105757 0.319379 0.88697 
0.2 0.113438 0.303455 0.813498 
0.22 0.166112 0.298817 0.766403 
0.12 0.0988243 0.34775 0.88697 
0.1 0.0483149 0.370606 0.773144 
0.16 0.0704765 0.341348 0.773144 
0.16 0.0921514 0.335258 0.741958 
0.14 0.0447459 0.35422 0.813498 
0.18 0.14687 0.313609 0.766403 
0.16 0.0842192 0.327805 0.83125 
0.1 0.0432516 0.378172 0.88697 
0.16 0.0921514 0.335258 0.741958 
0.12 0.0988243 0.34775 0.88697 
0.14 0.0447459 0.35422 0.813498 
0.16 0.0704765 0.341348 0.773144 
0.22 0.166112 0.298817 0.766403 
0.1 0.0432516 0.378172 0.88697 
0.16 0.105757 0.319379 0.88697 
0.2 0.113438 0.303455 0.813498 
0.1 0.0483149 0.370606 0.773144 
0.16 0.0842192 0.327805 0.83125 
0.16 0.0704765 0.341348 0.773144 
0.16 0.0842192 0.327805 0.83125 
0.2 0.113438 0.303455 0.813498 
0.16 0.0921514 0.335258 0.741958 
0.1 0.0432516 0.378172 0.88697 
0.22 0.166112 0.298817 0.766403 
0.14 0.0447459 0.35422 0.813498 
0.16 0.105757 0.319379 0.88697 
0.1 0.0483149 0.370606 0.773144 
0.12 0.0988243 0.34775 0.88697 
0.1 0.0432516 0.378172 0.88697 
0.22 0.166112 0.298817 0.766403 
0.16 0.0921514 0.335258 0.741958 
0.12 0.0988243 0.34775 0.88697 
0.1 0.0483149 0.370606 0.773144 
0.2 0.113438 0.303455 0.813498 
0.16 0.0704765 0.341348 0.773144 
0.16 0.105757 0.319379 0.88697 
0.16 0.0842192 0.327805 0.83125 
0.14 0.0447459 0.35422 0.813498 
0.16 0.105757 0.319379 0.88697 
0.1 0.0432516 0.378172 0.88697 
0.1 0.0483149 0.370606 0.773144 
0.22 0.166112 0.298817 0.766403 
0.14 0.0447459 0.35422 0.813498 
0.12 0.0988243 0.34775 0.88697 
0.16 0.0704765 0.341348 0.773144 
0.2 0.113438 0.303455 0.813498 
0.16 0.0842192 0.327805 0.83125 
0.16 0.0921514 0.335258 0.741958 
0.16 0.105757 0.319379 0.88697 
0.1 0.0483149 0.370606 0.773144 
0.2 0.113438 0.303455 0.813498 
0.16 0.0704765 0.341348 0.773144 
0.22 0.166112 0.298817 0.766403 
0.16 0.0842192 0.327805 0.83125 
0.1 0.0432516 0.378172 0.88697 
0.14 0.0447459 0.35422 0.813498 
0.12 0.0988243 0.34775 0.88697 
0.16 0.0921514 0.335258 0.741958 
0.16 0.0842192 0.327805 0.83125 
0.16 0.105757 0.319379 0.88697 
0.14 0.0447459 0.35422 0.813498 
0.16 0.0921514 0.335258 0.741958 
0.2 0.113438 0.303455 0.813498 
0.1 0.0483149 0.370606 0.773144 
0.1 0.0432516 0.378172 0.88697 
0.12 0.0988243 0.34775 0.88697 
0.22 0.166112 0.298817 0.766403 
0.16 0.0704765 0.341348 0.773144 
0.16 0.105757 0.319379 0.88697 
0.22 0.166112 0.298817 0.766403 
0.1 0.0483149 0.370606 0.773144 
0.12 0.0988243 0.34775 0.88697 
0.14 0.0447459 0.35422 0.813498 
0.2 0.113438 0.303455 0.813498 
0.16 0.0842192 0.327805 0.83125 
0.16 0.0921514 0.335258 0.741958 
