0.4 0.324379 0.223981 0.66875 
0.42 0.459072 0.22113 0.68125 
0.46 0.427988 0.194541 0.66875 
0.5 0.505289 0.191948 0.66875 
0.5 0.532267 0.194279 0.66875 
0.48 0.506525 0.200548 0.68575 
0.5 0.516093 0.180789 0.700191 
0.5 0.494887 0.181987 0.700191 
0.52 0.507728 0.185827 0.66875 
0.54 0.541113 0.188462 0.835783 
0.54 0.492929 0.180635 0.861263 
0.28 0.163509 0.297222 0.820023 
0.42 0.342044 0.220154 0.66875 
0.42 0.342044 0.220154 0.66875 
0.44 0.378137 0.21706 0.68125 
0.44 0.399769 0.209817 0.68575 
0.42 0.360685 0.208658 0.66875 
0.46 0.406101 0.195292 0.66875 
0.5 0.457984 0.189396 0.66875 
0.5 0.429969 0.189091 0.858793 
0.5 0.405106 0.184951 0.861263 
0.28 0.205527 0.287258 0.743553 
0.28 0.256762 0.278409 0.743553 
0.36 0.308372 0.246704 0.66875 
0.3 0.171008 0.272257 0.824513 
0.4 0.312922 0.22196 0.743553 
0.38 0.214739 0.23856 0.824513 
0.38 0.247782 0.239736 0.824513 
0.38 0.253924 0.242273 0.824513 
0.44 0.352445 0.208937 0.824513 
0.22 0.146914 0.330541 0.824513 
0.26 0.148964 0.31051 0.824513 
0.36 0.328318 0.227292 0.66875 
0.32 0.180942 0.2619 0.824513 
0.36 0.188691 0.250563 0.824513 
0.36 0.210948 0.250313 0.824513 
0.36 0.203259 0.255387 0.772408 
0.4 0.226145 0.232741 0.861263 
0.24 0.125995 0.330971 0.824513 
0.28 0.150381 0.315052 0.851172 
0.32 0.157533 0.28552 0.824513 
0.3 0.172786 0.278863 0.772408 
0.3 0.181363 0.27121 0.772408 
0.36 0.206879 0.263972 0.824513 
0.3 0.163203 0.275379 0.861263 
0.22 0.134841 0.336996 0.851402 
0.22 0.136049 0.327623 0.824513 
0.3 0.160347 0.283584 0.824513 
0.3 0.161157 0.282635 0.824513 
0.26 0.131216 0.307797 0.825284 
0.28 0.151811 0.281811 0.93846 
0.18 0.117236 0.347776 0.825284 
0.22 0.132225 0.32939 0.851402 
0.24 0.13741 0.315865 0.824513 
0.28 0.173966 0.293622 0.772408 
0.26 0.150469 0.28861 0.93846 
0.28 0.170332 0.293799 0.772408 
0.24 0.140025 0.323213 0.824513 
0.2 0.116338 0.347596 0.93846 
0.24 0.132411 0.317991 0.93846 
0.26 0.149038 0.315808 0.824513 
0.24 0.124087 0.345217 0.93846 
0.22 0.117681 0.346444 0.93846 
0.18 0.117236 0.35676 0.825284 
0.16 0.107571 0.371712 0.904839 
0.18 0.112547 0.360474 0.93846 
0.28 0.261072 0.285616 0.817822 
0.36 0.332161 0.248682 0.752125 
0.4 0.350492 0.229506 0.68575 
0.42 0.361782 0.206437 0.66875 
0.44 0.419516 0.209462 0.68575 
0.44 0.440722 0.205323 0.68575 
0.44 0.425548 0.197443 0.66875 
0.48 0.460701 0.190022 0.66875 
0.44 0.456919 0.201906 0.66875 
0.52 0.470663 0.183206 0.861263 
0.18 0.121417 0.350059 0.824513 
0.24 0.150705 0.314641 0.824513 
0.24 0.162796 0.292261 0.824513 
0.38 0.348052 0.23189 0.68575 
0.3 0.191621 0.26789 0.772408 
0.34 0.274158 0.241786 0.772408 
0.44 0.368092 0.205209 0.66875 
0.44 0.404759 0.196575 0.700191 
0.42 0.338521 0.212373 0.824513 
0.18 0.121417 0.350059 0.824513 
0.18 0.121417 0.350059 0.824513 
0.28 0.168568 0.280847 0.824513 
0.32 0.308464 0.253205 0.700191 
0.3 0.184113 0.269736 0.820023 
0.34 0.209605 0.25409 0.824513 
0.4 0.296267 0.219956 0.824513 
0.34 0.217387 0.244697 0.861263 
0.24 0.165198 0.307877 0.772408 
0.2 0.141937 0.342118 0.825284 
0.24 0.156621 0.313709 0.772408 
0.3 0.161157 0.282635 0.824513 
0.32 0.180942 0.2619 0.824513 
0.38 0.318306 0.232298 0.66875 
0.24 0.146677 0.297342 0.93846 
0.22 0.166633 0.311274 0.772408 
0.18 0.117236 0.347776 0.825284 
0.2 0.125208 0.334159 0.824513 
0.18 0.120231 0.342099 0.825284 
0.24 0.149501 0.299762 0.824513 
0.26 0.141877 0.292168 0.93846 
0.18 0.132813 0.343467 0.824513 
0.18 0.132813 0.343467 0.824513 
0.28 0.185321 0.282919 0.772408 
0.22 0.126004 0.326957 0.851172 
0.28 0.144784 0.293398 0.93846 
0.22 0.145729 0.334167 0.851172 
0.24 0.140025 0.325206 0.824513 
0.22 0.133619 0.331765 0.824513 
0.18 0.117236 0.352622 0.93846 
0.24 0.139178 0.327103 0.861263 
0.16 0.111751 0.367728 0.93846 
0.24 0.125185 0.337961 0.93846 
0.16 0.111751 0.371025 0.904839 
0.16 0.111751 0.367728 0.93846 
0.18 0.115542 0.36046 0.93846 
0.18 0.117783 0.354222 0.825284 
0.16 0.11644 0.357999 0.825284 
0.18 0.120231 0.348113 0.825284 
0.34 0.287194 0.245136 0.772408 
0.34 0.291772 0.251778 0.816218 
0.44 0.447851 0.191686 0.700191 
0.38 0.382993 0.221382 0.817822 
0.42 0.422854 0.207578 0.700191 
0.46 0.468316 0.197376 0.858793 
0.2 0.138044 0.342328 0.824513 
0.22 0.166633 0.311274 0.772408 
0.18 0.139729 0.336441 0.851402 
0.32 0.231524 0.265878 0.743553 
0.36 0.328318 0.227292 0.66875 
0.3 0.203754 0.263387 0.824513 
0.42 0.28343 0.219634 0.824513 
0.36 0.244143 0.236103 0.861263 
0.18 0.132813 0.346092 0.824513 
0.26 0.212915 0.29855 0.743553 
0.2 0.138211 0.335442 0.820023 
0.16 0.11644 0.355029 0.825284 
0.26 0.167772 0.288101 0.824513 
0.26 0.159435 0.285153 0.861263 
0.3 0.1985 0.262516 0.824513 
0.16 0.11644 0.355029 0.825284 
0.22 0.146914 0.330541 0.824513 
0.3 0.293573 0.283687 0.66875 
0.24 0.142377 0.321723 0.824513 
0.22 0.142275 0.312545 0.824513 
0.3 0.166851 0.276309 0.861263 
0.18 0.132813 0.343467 0.824513 
0.34 0.308483 0.263184 0.66875 
0.32 0.298549 0.280161 0.66875 
0.2 0.136396 0.340421 0.858846 
0.2 0.14352 0.319303 0.862805 
0.24 0.156621 0.313709 0.772408 
0.22 0.139229 0.331983 0.824513 
0.18 0.115542 0.357438 0.93846 
0.14 0.106775 0.378966 0.904839 
0.16 0.111751 0.371433 0.93846 
0.16 0.111751 0.367728 0.93846 
0.16 0.11644 0.354229 0.93846 
0.2 0.134045 0.34425 0.851402 
0.22 0.135049 0.334497 0.93846 
0.16 0.111751 0.367728 0.93846 
0.22 0.166633 0.311274 0.772408 
0.16 0.11644 0.355029 0.825284 
0.32 0.30627 0.275041 0.66875 
0.24 0.202727 0.307017 0.772408 
0.32 0.32967 0.256935 0.700191 
0.42 0.382988 0.205239 0.66875 
0.38 0.352339 0.218549 0.817822 
0.36 0.305085 0.222922 0.817822 
0.2 0.141937 0.336334 0.831648 
0.36 0.310922 0.253711 0.66875 
0.22 0.192867 0.299439 0.824513 
0.18 0.151695 0.352522 0.825284 
0.2 0.137299 0.315559 0.825284 
0.26 0.180345 0.286437 0.772408 
0.3 0.167397 0.277436 0.861263 
0.16 0.11644 0.357654 0.825284 
0.18 0.170615 0.339764 0.851402 
0.3 0.304673 0.269105 0.700191 
0.24 0.162796 0.313588 0.825284 
0.2 0.136396 0.34276 0.851402 
0.2 0.137299 0.311789 0.93846 
0.18 0.121417 0.347089 0.824513 
0.2 0.141937 0.334702 0.824513 
0.24 0.201991 0.290674 0.824513 
0.18 0.144696 0.330709 0.851402 
0.18 0.133508 0.327689 0.93846 
0.24 0.167976 0.308169 0.772408 
0.2 0.141937 0.33584 0.825284 
0.2 0.121949 0.349144 0.93846 
0.26 0.138378 0.308612 0.93846 
0.2 0.122213 0.351444 0.824513 
0.16 0.113181 0.362952 0.93846 
0.18 0.121417 0.359182 0.93846 
0.16 0.127629 0.360558 0.858846 
0.2 0.134045 0.343904 0.858846 
0.14 0.106775 0.378966 0.904839 
0.2 0.141937 0.342118 0.825284 
0.22 0.146427 0.335407 0.876444 
0.18 0.132813 0.343467 0.824513 
0.3 0.326134 0.276948 0.66875 
0.2 0.149881 0.316926 0.824513 
0.18 0.133508 0.331459 0.825284 
0.24 0.22634 0.288466 0.861263 
0.22 0.155278 0.316814 0.772408 
0.16 0.11644 0.361021 0.851172 
0.32 0.264835 0.277118 0.743553 
0.24 0.184631 0.314511 0.772408 
0.24 0.176554 0.302337 0.772408 
0.2 0.141951 0.328017 0.93846 
0.3 0.224942 0.292203 0.772408 
0.16 0.11644 0.357999 0.825284 
0.18 0.127638 0.352543 0.851402 
0.16 0.11644 0.357999 0.825284 
0.18 0.133508 0.33132 0.93846 
0.2 0.134045 0.34639 0.851402 
0.2 0.134045 0.342861 0.851402 
0.16 0.127629 0.354228 0.851402 
0.18 0.139729 0.330276 0.862805 
0.16 0.11644 0.355029 0.825284 
0.2 0.121949 0.352166 0.93846 
0.14 0.106775 0.378966 0.904839 
0.18 0.132605 0.354852 0.851402 
0.2 0.121949 0.352166 0.93846 
0.14 0.106775 0.378966 0.904839 
0.22 0.187839 0.310076 0.772408 
0.26 0.246842 0.287346 0.743553 
0.16 0.11644 0.358051 0.851172 
0.24 0.201991 0.290674 0.824513 
0.3 0.304928 0.278146 0.66875 
0.18 0.170554 0.34574 0.851402 
0.16 0.127629 0.354228 0.851402 
0.22 0.191464 0.309977 0.851402 
0.22 0.19657 0.320882 0.851402 
0.2 0.176003 0.339725 0.851402 
0.14 0.106775 0.378966 0.904839 
0.24 0.184377 0.30547 0.772408 
0.16 0.127629 0.354228 0.851402 
0.16 0.11644 0.364013 0.825284 
0.16 0.128494 0.358869 0.93846 
0.16 0.127629 0.359875 0.851402 
0.18 0.127638 0.34978 0.851402 
0.16 0.11644 0.354229 0.93846 
0.16 0.127629 0.356853 0.851402 
0.2 0.121949 0.360198 0.904839 
0.18 0.127846 0.353301 0.900236 
0.2 0.175568 0.328061 0.825284 
0.2 0.187682 0.313223 0.851402 
0.18 0.156385 0.340692 0.851402 
0.2 0.187636 0.348614 0.904839 
0.2 0.125208 0.339739 0.93846 
0.32 0.314862 0.261169 0.66875 
0.24 0.186034 0.327086 0.851402 
0.18 0.144381 0.342914 0.851402 
0.14 0.106775 0.378966 0.904839 
0.16 0.109214 0.37393 0.904839 
0.14 0.106775 0.378966 0.904839 
0.22 0.206657 0.324177 0.93846 
0.2 0.121949 0.350094 0.93846 
0.16 0.11644 0.354229 0.93846 
0.16 0.111751 0.367728 0.93846 
0.2 0.170402 0.338305 0.824513 
0.18 0.139729 0.333677 0.851402 
0.18 0.170554 0.342718 0.851402 
0.16 0.123842 0.35425 0.93846 
0.2 0.136063 0.348165 0.876444 
0.22 0.179373 0.333001 0.851402 
0.24 0.185252 0.31807 0.93846 
0.2 0.163907 0.365173 0.904839 
0.18 0.127633 0.345519 0.93846 
0.16 0.111751 0.367728 0.93846 
0.26 0.205772 0.299435 0.824513 
0.16 0.135031 0.354249 0.904839 
0.2 0.17454 0.341472 0.93846 
0.18 0.166134 0.353337 0.904839 
0.22 0.168883 0.347635 0.93846 
0.16 0.11644 0.354229 0.93846 
0.16 0.139762 0.368372 0.904839 
0.22 0.168883 0.348829 0.93846 
0.2 0.147464 0.343426 0.93846 
0.16 0.128494 0.361494 0.93846 
0.36 0.415572 0.279963 0.68125 
0.44 0.468136 0.218806 0.68125 

