0.42 0.342044 0.220154 0.66875 
0.42 0.435936 0.215242 0.66875 
0.44 0.434315 0.212666 0.66875 
0.48 0.507622 0.200473 0.68575 
0.5 0.453017 0.187519 0.66875 
0.48 0.485319 0.201745 0.68575 
0.5 0.486939 0.194854 0.700191 
0.5 0.481403 0.193349 0.66875 
0.52 0.462275 0.181875 0.858793 
0.54 0.492929 0.177694 0.861263 
0.52 0.462275 0.181875 0.858793 
0.26 0.189339 0.288268 0.772408 
0.4 0.339044 0.241789 0.68575 
0.32 0.206235 0.271261 0.765643 
0.4 0.350492 0.226894 0.68575 
0.44 0.406092 0.200977 0.66875 
0.4 0.355501 0.218578 0.700191 
0.44 0.418419 0.212201 0.68575 
0.44 0.403662 0.202256 0.700191 
0.46 0.439171 0.206929 0.66875 
0.52 0.463363 0.184736 0.858793 
0.22 0.161671 0.345094 0.824513 
0.22 0.140016 0.320999 0.824513 
0.4 0.339137 0.234158 0.68575 
0.34 0.178757 0.26092 0.824513 
0.36 0.204805 0.248916 0.824513 
0.36 0.2123 0.243886 0.824513 
0.42 0.359333 0.213593 0.700191 
0.42 0.366962 0.215332 0.709001 
0.46 0.3386 0.201415 0.858793 
0.2 0.118579 0.343998 0.825284 
0.32 0.308719 0.260522 0.66875 
0.28 0.146256 0.298982 0.824513 
0.38 0.329661 0.225034 0.66875 
0.32 0.189788 0.268275 0.752125 
0.34 0.186252 0.255889 0.824513 
0.36 0.213096 0.244615 0.824513 
0.4 0.226145 0.236471 0.861263 
0.16 0.11644 0.357022 0.825284 
0.28 0.186627 0.305076 0.824513 
0.26 0.14515 0.301322 0.824513 
0.26 0.131216 0.307797 0.825284 
0.36 0.221798 0.249042 0.824513 
0.32 0.185242 0.271735 0.772408 
0.3 0.165698 0.273921 0.93846 
0.16 0.131452 0.378153 0.825284 
0.32 0.189117 0.273534 0.772408 
0.28 0.172665 0.306726 0.824513 
0.26 0.146247 0.296509 0.824513 
0.26 0.159421 0.289004 0.824513 
0.34 0.174586 0.26702 0.861263 
0.18 0.117236 0.350746 0.825284 
0.3 0.304928 0.276422 0.66875 
0.22 0.140016 0.320999 0.824513 
0.24 0.143807 0.305099 0.824513 
0.26 0.147423 0.299885 0.861263 
0.28 0.181965 0.296315 0.772408 
0.26 0.170175 0.304532 0.772408 
0.32 0.16611 0.281597 0.824513 
0.28 0.145159 0.305618 0.861263 
0.16 0.11644 0.357999 0.825284 
0.2 0.118833 0.353297 0.825284 
0.22 0.119111 0.339746 0.904839 
0.14 0.106775 0.378966 0.904839 
0.2 0.11532 0.354546 0.93846 
0.2 0.118954 0.352181 0.93846 
0.34 0.400917 0.286771 0.66875 
0.26 0.225354 0.297154 0.817822 
0.36 0.375202 0.247263 0.68575 
0.42 0.438963 0.208672 0.68575 
0.38 0.350598 0.221387 0.817822 
0.48 0.444462 0.195755 0.66875 
0.46 0.461572 0.195053 0.66875 
0.48 0.467881 0.196767 0.66875 
0.48 0.506006 0.195082 0.66875 
0.48 0.499956 0.189082 0.858793 
0.32 0.290735 0.290879 0.711389 
0.26 0.167772 0.298571 0.820023 
0.3 0.237996 0.263489 0.743553 
0.26 0.180359 0.281753 0.772408 
0.4 0.348534 0.234041 0.700191 
0.4 0.356806 0.210291 0.66875 
0.44 0.415068 0.216724 0.700191 
0.42 0.360319 0.219865 0.757185 
0.44 0.405092 0.19961 0.861263 
0.16 0.11644 0.355029 0.825284 
0.26 0.180886 0.305757 0.752125 
0.2 0.121028 0.331876 0.825284 
0.22 0.138095 0.308305 0.825284 
0.42 0.342044 0.219266 0.66875 
0.34 0.25055 0.246125 0.772408 
0.38 0.284004 0.230495 0.752125 
0.36 0.262247 0.228655 0.824513 
0.16 0.11644 0.357022 0.825284 
0.2 0.129865 0.340772 0.851402 
0.28 0.183326 0.2954 0.824513 
0.32 0.189788 0.268275 0.752125 
0.26 0.180345 0.284616 0.772408 
0.3 0.183011 0.271026 0.824513 
0.36 0.195917 0.249379 0.843973 
0.24 0.150446 0.322938 0.772408 
0.16 0.11644 0.355029 0.825284 
0.22 0.133656 0.324872 0.851402 
0.24 0.154468 0.293773 0.824513 
0.22 0.157385 0.304095 0.824513 
0.28 0.154348 0.28362 0.93846 
0.22 0.142733 0.334865 0.825284 
0.26 0.151501 0.312315 0.824513 
0.3 0.15619 0.292354 0.824513 
0.24 0.138632 0.319484 0.861263 
0.26 0.143817 0.308723 0.861263 
0.22 0.166633 0.311274 0.772408 
0.18 0.113978 0.366697 0.904839 
0.24 0.140025 0.324729 0.824513 
0.2 0.117769 0.339798 0.93846 
0.16 0.11644 0.355029 0.825284 
0.16 0.11644 0.355029 0.825284 
0.16 0.113181 0.362952 0.93846 
0.14 0.106775 0.378966 0.904839 
0.18 0.113978 0.361345 0.93846 
0.18 0.112547 0.360474 0.93846 
0.36 0.393496 0.270761 0.68575 
0.18 0.136526 0.346536 0.824513 
0.22 0.144238 0.324248 0.825284 
0.4 0.407143 0.229712 0.68575 
0.38 0.369124 0.224259 0.68575 
0.42 0.423525 0.201221 0.700191 
0.38 0.394278 0.23119 0.77196 
0.42 0.402319 0.207182 0.66875 
0.44 0.426645 0.193894 0.861263 
0.2 0.140317 0.335563 0.824513 
0.18 0.117236 0.347776 0.825284 
0.2 0.143178 0.329711 0.820023 
0.2 0.137299 0.315559 0.825284 
0.32 0.236482 0.250847 0.743553 
0.28 0.211374 0.263759 0.817822 
0.3 0.199426 0.262838 0.817822 
0.38 0.332892 0.214099 0.861263 
0.26 0.198884 0.313033 0.743553 
0.22 0.124907 0.341077 0.824513 
0.22 0.150677 0.309673 0.824513 
0.34 0.284379 0.242871 0.711389 
0.4 0.335734 0.216949 0.700191 
0.34 0.204004 0.254464 0.772408 
0.28 0.161875 0.276805 0.861263 
0.22 0.162365 0.319229 0.772408 
0.3 0.304928 0.276422 0.66875 
0.22 0.142733 0.334865 0.825284 
0.28 0.203125 0.28156 0.862805 
0.24 0.170425 0.295373 0.772408 
0.3 0.176447 0.275301 0.93846 
0.18 0.117236 0.350746 0.825284 
0.22 0.134841 0.335384 0.861263 
0.32 0.308719 0.265449 0.66875 
0.26 0.154237 0.307038 0.772408 
0.18 0.117236 0.347776 0.825284 
0.16 0.123148 0.370823 0.904839 
0.16 0.11644 0.355029 0.825284 
0.18 0.117236 0.350746 0.825284 
0.18 0.113978 0.355698 0.93846 
0.22 0.140062 0.337542 0.851402 
0.18 0.117491 0.356347 0.825284 
0.18 0.113978 0.35872 0.93846 
0.18 0.112547 0.360474 0.93846 
0.14 0.106775 0.378966 0.904839 
0.18 0.112547 0.363099 0.93846 
0.24 0.160611 0.319776 0.825284 
0.32 0.275815 0.28549 0.752125 
0.18 0.132813 0.343467 0.824513 
0.16 0.11644 0.357999 0.825284 
0.26 0.212679 0.291252 0.772408 
0.26 0.180359 0.281753 0.772408 
0.42 0.420988 0.198903 0.700191 
0.32 0.293522 0.238894 0.817822 
0.3 0.304928 0.276422 0.66875 
0.24 0.1927 0.316903 0.824513 
0.24 0.185233 0.311284 0.772408 
0.22 0.166633 0.311274 0.772408 
0.2 0.149881 0.319551 0.824513 
0.2 0.137299 0.323059 0.825284 
0.26 0.210587 0.278416 0.93846 
0.16 0.11644 0.357999 0.825284 
0.22 0.173762 0.339114 0.825284 
0.3 0.304928 0.276422 0.66875 
0.16 0.11644 0.357999 0.825284 
0.22 0.148705 0.307016 0.824513 
0.2 0.137299 0.311789 0.93846 
0.2 0.156695 0.356671 0.825284 
0.18 0.139729 0.333298 0.862805 
0.3 0.304928 0.276422 0.66875 
0.18 0.128425 0.346975 0.851402 
0.22 0.138095 0.317289 0.825284 
0.22 0.146914 0.330541 0.824513 
0.16 0.127629 0.354228 0.851402 
0.2 0.134045 0.343904 0.858846 
0.18 0.117236 0.346976 0.93846 
0.22 0.123722 0.338044 0.825284 
0.16 0.123842 0.352235 0.93846 
0.18 0.117236 0.352622 0.93846 
0.16 0.123842 0.354859 0.93846 
0.16 0.111751 0.367728 0.93846 
0.18 0.128818 0.348717 0.93846 
0.2 0.150135 0.326225 0.824513 
0.18 0.117236 0.347776 0.825284 
0.24 0.24493 0.315327 0.772408 
0.28 0.182798 0.280156 0.772408 
0.26 0.246842 0.287346 0.743553 
0.2 0.149881 0.316926 0.824513 
0.2 0.137299 0.314413 0.93846 
0.24 0.181521 0.30559 0.772408 
0.26 0.178174 0.307288 0.772408 
0.2 0.158246 0.32724 0.820023 
0.26 0.212679 0.291252 0.772408 
0.16 0.11644 0.355029 0.825284 
0.22 0.169568 0.302674 0.861263 
0.24 0.150446 0.322938 0.772408 
0.18 0.144951 0.336987 0.851402 
0.3 0.304928 0.276422 0.66875 
0.18 0.139729 0.331183 0.861263 
0.2 0.140525 0.322413 0.861263 
0.22 0.166633 0.311274 0.772408 
0.18 0.117236 0.350746 0.825284 
0.16 0.11644 0.357999 0.825284 
0.2 0.125907 0.357706 0.93846 
0.2 0.134045 0.342638 0.861263 
0.14 0.106775 0.378966 0.904839 
0.16 0.113181 0.362952 0.93846 
0.16 0.127629 0.35725 0.851402 
0.16 0.113181 0.362952 0.93846 
0.16 0.113181 0.362952 0.93846 
0.2 0.192325 0.340201 0.851402 
0.24 0.197098 0.314848 0.820023 
0.24 0.192445 0.307604 0.824513 
0.3 0.304928 0.274601 0.700191 
0.18 0.144951 0.336987 0.851402 
0.22 0.198213 0.301582 0.93846 
0.22 0.146914 0.330541 0.824513 
0.26 0.178174 0.307288 0.772408 
0.18 0.117236 0.347776 0.825284 
0.18 0.140215 0.351203 0.904839 
0.18 0.144381 0.336911 0.861263 
0.3 0.304928 0.276422 0.66875 
0.16 0.11644 0.364013 0.825284 
0.18 0.132605 0.350711 0.851402 
0.18 0.124638 0.344372 0.93846 
0.16 0.127629 0.354228 0.851402 
0.2 0.134045 0.343221 0.851402 
0.16 0.107571 0.371712 0.904839 
0.18 0.132605 0.354852 0.851402 
0.14 0.106775 0.378966 0.904839 
0.16 0.113181 0.362952 0.93846 
0.2 0.213531 0.341628 0.851402 
0.18 0.13816 0.347687 0.825284 
0.18 0.133508 0.340443 0.825284 
0.16 0.11644 0.355029 0.825284 
0.18 0.13816 0.343917 0.93846 
0.24 0.170165 0.31113 0.772408 
0.18 0.117236 0.350746 0.825284 
0.16 0.11644 0.35917 0.825284 
0.18 0.13816 0.343917 0.93846 
0.2 0.134045 0.34639 0.851402 
0.18 0.144951 0.336987 0.851402 
0.2 0.137299 0.324979 0.93846 
0.16 0.11644 0.366638 0.825284 
0.18 0.121417 0.358498 0.93846 
0.18 0.139729 0.333298 0.862805 
0.2 0.170402 0.338305 0.824513 
0.2 0.208573 0.322237 0.851402 
0.16 0.123842 0.355395 0.904839 
0.2 0.181146 0.334217 0.93846 
0.18 0.128425 0.346975 0.851402 
0.16 0.135031 0.352234 0.904839 
0.16 0.11644 0.354229 0.93846 
0.16 0.127629 0.354228 0.851402 
0.18 0.124638 0.346996 0.93846 
0.16 0.113181 0.362952 0.93846 
0.18 0.126805 0.353227 0.825284 
0.16 0.128494 0.370381 0.904839 
0.14 0.106775 0.378966 0.904839 
0.16 0.127629 0.354228 0.851402 
0.18 0.128818 0.348108 0.93846 
0.14 0.106775 0.378966 0.904839 
0.18 0.17148 0.352894 0.904839 
0.16 0.123842 0.351625 0.93846 
0.16 0.113181 0.365974 0.93846 
0.18 0.159426 0.336743 0.93846 
0.36 0.348173 0.232851 0.66875 
0.42 0.365652 0.210535 0.66875 

