0.16 0.11644 0.357999 0.825284 
0.42 0.387663 0.21393 0.66875 
0.46 0.454966 0.202238 0.66875 
0.48 0.451786 0.194484 0.66875 
0.46 0.451813 0.208123 0.68575 
0.5 0.474223 0.189263 0.66875 
0.5 0.494887 0.185211 0.700191 
0.48 0.450577 0.196582 0.66875 
0.5 0.505289 0.189007 0.66875 
0.52 0.507728 0.185827 0.66875 
0.52 0.48063 0.182874 0.861263 
0.2 0.149881 0.327396 0.820023 
0.24 0.130952 0.321899 0.825284 
0.34 0.258396 0.26827 0.765643 
0.4 0.257035 0.232851 0.770481 
0.4 0.370466 0.220307 0.68575 
0.42 0.358148 0.206857 0.66875 
0.46 0.43308 0.203789 0.66875 
0.44 0.403662 0.202256 0.700191 
0.46 0.408217 0.205446 0.66875 
0.46 0.463932 0.190504 0.858793 
0.22 0.135572 0.32533 0.820023 
0.32 0.170281 0.273227 0.824513 
0.4 0.3321 0.220914 0.66875 
0.42 0.337077 0.217389 0.66875 
0.4 0.246268 0.236077 0.765643 
0.36 0.278019 0.25459 0.743553 
0.4 0.294489 0.226358 0.752125 
0.36 0.262298 0.253303 0.82225 
0.44 0.346168 0.201735 0.861263 
0.22 0.134841 0.336996 0.851402 
0.26 0.157111 0.299427 0.824513 
0.34 0.298706 0.264682 0.66875 
0.3 0.178502 0.267226 0.824513 
0.3 0.168184 0.271049 0.824513 
0.38 0.230566 0.244225 0.770481 
0.4 0.261581 0.225817 0.752125 
0.4 0.21647 0.232933 0.843973 
0.28 0.152843 0.308537 0.824513 
0.28 0.181585 0.29793 0.752125 
0.28 0.157908 0.29581 0.824513 
0.26 0.149774 0.301367 0.824513 
0.26 0.169004 0.287293 0.772408 
0.32 0.169633 0.270328 0.824513 
0.38 0.200097 0.244745 0.861263 
0.24 0.173198 0.310805 0.772408 
0.2 0.132216 0.339024 0.851402 
0.24 0.142377 0.309875 0.824513 
0.28 0.152399 0.301068 0.824513 
0.24 0.154468 0.293773 0.824513 
0.3 0.156774 0.279852 0.824513 
0.18 0.117236 0.347776 0.825284 
0.22 0.155278 0.316814 0.772408 
0.28 0.156181 0.286152 0.824513 
0.2 0.121028 0.336803 0.825284 
0.26 0.13485 0.308561 0.824513 
0.2 0.118579 0.343998 0.825284 
0.16 0.123842 0.355959 0.904839 
0.18 0.120231 0.339129 0.825284 
0.26 0.138752 0.308749 0.861263 
0.18 0.132813 0.343467 0.824513 
0.16 0.11644 0.357999 0.825284 
0.24 0.13884 0.322346 0.900236 
0.2 0.121028 0.339025 0.93846 
0.2 0.138211 0.347775 0.900236 
0.18 0.128818 0.354364 0.93846 
0.24 0.17161 0.307756 0.772408 
0.34 0.318384 0.249196 0.66875 
0.32 0.346659 0.252869 0.817822 
0.4 0.395991 0.213675 0.66875 
0.42 0.466168 0.228364 0.68125 
0.44 0.408629 0.205954 0.66875 
0.44 0.403662 0.204077 0.66875 
0.42 0.402319 0.207182 0.66875 
0.44 0.435713 0.203104 0.66875 
0.46 0.449346 0.192031 0.861263 
0.22 0.158324 0.313197 0.820023 
0.26 0.200903 0.303857 0.820023 
0.28 0.17641 0.275978 0.817822 
0.32 0.229274 0.262424 0.772408 
0.42 0.351834 0.229888 0.66875 
0.44 0.363125 0.203332 0.66875 
0.4 0.295544 0.215591 0.824513 
0.44 0.404759 0.196575 0.700191 
0.44 0.403662 0.198721 0.861263 
0.28 0.182821 0.29237 0.772408 
0.22 0.137401 0.32524 0.824513 
0.36 0.275126 0.266041 0.711389 
0.3 0.177151 0.273654 0.824513 
0.24 0.163606 0.287405 0.824513 
0.28 0.160778 0.282778 0.824513 
0.3 0.170976 0.278979 0.820023 
0.38 0.260905 0.233536 0.861263 
0.22 0.161671 0.345094 0.824513 
0.22 0.161671 0.345094 0.824513 
0.24 0.138632 0.326023 0.851402 
0.26 0.167772 0.288101 0.824513 
0.28 0.17517 0.273314 0.824513 
0.36 0.18452 0.259605 0.824513 
0.24 0.148029 0.290914 0.93846 
0.24 0.142377 0.321723 0.824513 
0.2 0.136605 0.332494 0.824513 
0.2 0.121028 0.331876 0.825284 
0.24 0.15907 0.300914 0.772408 
0.22 0.142275 0.307618 0.824513 
0.28 0.156875 0.278029 0.93846 
0.16 0.11644 0.355029 0.825284 
0.2 0.132216 0.339024 0.851402 
0.2 0.136605 0.327567 0.824513 
0.26 0.159699 0.302179 0.824513 
0.18 0.120231 0.338329 0.93846 
0.28 0.195139 0.310204 0.772408 
0.18 0.117236 0.347776 0.825284 
0.28 0.145159 0.309135 0.824513 
0.18 0.111362 0.355812 0.904839 
0.24 0.142632 0.325998 0.824513 
0.18 0.117236 0.347776 0.825284 
0.16 0.11644 0.354229 0.93846 
0.16 0.123842 0.352235 0.93846 
0.2 0.13261 0.337744 0.93846 
0.18 0.139729 0.33919 0.862805 
0.3 0.304928 0.278146 0.66875 
0.28 0.294234 0.278595 0.817822 
0.34 0.324527 0.243192 0.66875 
0.32 0.318195 0.249265 0.817822 
0.36 0.349524 0.226094 0.66875 
0.36 0.307622 0.225969 0.817822 
0.42 0.399782 0.201922 0.66875 
0.46 0.432955 0.196419 0.66875 
0.44 0.440704 0.19989 0.858793 
0.24 0.14302 0.319493 0.824513 
0.16 0.11644 0.357999 0.825284 
0.34 0.306108 0.293201 0.711389 
0.3 0.195255 0.274226 0.772408 
0.32 0.201866 0.257512 0.817822 
0.3 0.213813 0.258433 0.817822 
0.26 0.150469 0.289359 0.825284 
0.4 0.289434 0.219237 0.861263 
0.28 0.207388 0.29598 0.772408 
0.16 0.11644 0.355029 0.825284 
0.18 0.117236 0.347776 0.825284 
0.22 0.166633 0.311274 0.772408 
0.34 0.307029 0.249809 0.66875 
0.28 0.155445 0.281418 0.824513 
0.26 0.157949 0.282236 0.93846 
0.18 0.132605 0.353733 0.851402 
0.24 0.150705 0.319568 0.824513 
0.24 0.173022 0.311011 0.772408 
0.32 0.303507 0.266709 0.66875 
0.28 0.166842 0.274826 0.824513 
0.28 0.164365 0.294695 0.824513 
0.16 0.11644 0.355029 0.825284 
0.22 0.166633 0.311274 0.772408 
0.2 0.121282 0.346102 0.825284 
0.18 0.127638 0.352543 0.851402 
0.2 0.137299 0.324979 0.93846 
0.18 0.127633 0.355282 0.904839 
0.2 0.136396 0.34276 0.851402 
0.18 0.120231 0.347026 0.825284 
0.16 0.123842 0.352235 0.93846 
0.16 0.127629 0.354228 0.851402 
0.18 0.127633 0.344283 0.93846 
0.18 0.112547 0.360474 0.93846 
0.16 0.111751 0.367728 0.93846 
0.18 0.113978 0.355698 0.93846 
0.16 0.107571 0.371712 0.904839 
0.26 0.234607 0.292366 0.772408 
0.24 0.192445 0.307604 0.824513 
0.2 0.163208 0.337319 0.825284 
0.34 0.318384 0.249196 0.66875 
0.42 0.353126 0.219121 0.66875 
0.28 0.189492 0.276458 0.817822 
0.38 0.320361 0.217246 0.709001 
0.38 0.374285 0.21604 0.861263 
0.26 0.198084 0.320959 0.817822 
0.18 0.117236 0.347776 0.825284 
0.32 0.314862 0.261169 0.66875 
0.24 0.176554 0.302337 0.772408 
0.24 0.170425 0.295373 0.772408 
0.3 0.199426 0.262838 0.817822 
0.22 0.147233 0.302548 0.862805 
0.22 0.137401 0.32524 0.824513 
0.16 0.11644 0.357999 0.825284 
0.24 0.150705 0.319568 0.824513 
0.22 0.148497 0.315785 0.862805 
0.34 0.318384 0.249196 0.66875 
0.2 0.137299 0.312398 0.93846 
0.34 0.310061 0.264068 0.66875 
0.2 0.159921 0.327953 0.862805 
0.24 0.160255 0.313297 0.772408 
0.2 0.134045 0.341228 0.851402 
0.16 0.107571 0.373705 0.904839 
0.16 0.11644 0.355029 0.825284 
0.2 0.122671 0.338969 0.825284 
0.2 0.134045 0.34639 0.851402 
0.16 0.123842 0.351625 0.93846 
0.16 0.11644 0.355029 0.825284 
0.16 0.11644 0.360624 0.825284 
0.16 0.123842 0.357881 0.93846 
0.22 0.148497 0.315785 0.862805 
0.2 0.138003 0.347848 0.851402 
0.16 0.107571 0.371712 0.904839 
0.26 0.213091 0.298345 0.743553 
0.16 0.11644 0.355029 0.825284 
0.2 0.163208 0.340289 0.825284 
0.2 0.149881 0.316926 0.824513 
0.18 0.133508 0.331459 0.825284 
0.24 0.162796 0.292261 0.824513 
0.22 0.190742 0.299382 0.851402 
0.24 0.176554 0.30433 0.772408 
0.24 0.150705 0.32259 0.851172 
0.32 0.308719 0.267173 0.66875 
0.16 0.123842 0.355959 0.904839 
0.18 0.149348 0.337954 0.851402 
0.22 0.159019 0.302771 0.93846 
0.18 0.126805 0.346236 0.825284 
0.24 0.1927 0.316903 0.824513 
0.22 0.155278 0.316814 0.772408 
0.26 0.212679 0.291252 0.772408 
0.16 0.11644 0.355029 0.825284 
0.24 0.17161 0.307756 0.772408 
0.18 0.120231 0.350048 0.851172 
0.16 0.123842 0.351625 0.93846 
0.2 0.137299 0.324979 0.93846 
0.16 0.128328 0.368862 0.904839 
0.14 0.106775 0.378966 0.904839 
0.2 0.137299 0.324979 0.93846 
0.18 0.127633 0.341261 0.93846 
0.16 0.123842 0.354859 0.93846 
0.16 0.123842 0.352235 0.93846 
0.28 0.243865 0.297138 0.820023 
0.16 0.11644 0.355029 0.825284 
0.22 0.175378 0.334145 0.824513 
0.2 0.187682 0.310201 0.851402 
0.22 0.166633 0.311274 0.772408 
0.24 0.251656 0.28951 0.851402 
0.18 0.117236 0.347776 0.825284 
0.24 0.18852 0.31381 0.824513 
0.24 0.176554 0.302337 0.772408 
0.22 0.218266 0.319668 0.851402 
0.22 0.23395 0.313476 0.861263 
0.22 0.166633 0.311274 0.772408 
0.18 0.117236 0.347776 0.825284 
0.16 0.127629 0.358846 0.851402 
0.18 0.120231 0.343256 0.93846 
0.22 0.148497 0.318807 0.862805 
0.18 0.127638 0.352543 0.851402 
0.18 0.133508 0.327689 0.93846 
0.18 0.12093 0.35789 0.93846 
0.22 0.138044 0.332621 0.900236 
0.2 0.121949 0.348461 0.93846 
0.3 0.304928 0.278146 0.66875 
0.2 0.213795 0.325546 0.851402 
0.2 0.21354 0.319269 0.851402 
0.16 0.11644 0.355029 0.825284 
0.2 0.186636 0.327862 0.861263 
0.16 0.11644 0.357999 0.825284 
0.16 0.11644 0.357999 0.825284 
0.16 0.139683 0.360384 0.904839 
0.16 0.123842 0.356005 0.904839 
0.18 0.116973 0.368139 0.904839 
0.14 0.106775 0.378966 0.904839 
0.2 0.175281 0.337155 0.851402 
0.16 0.107571 0.374337 0.904839 
0.14 0.106775 0.378966 0.904839 
0.2 0.13261 0.340766 0.93846 
0.24 0.161801 0.317398 0.772408 
0.16 0.135031 0.351624 0.904839 
0.16 0.135031 0.355256 0.904839 
0.2 0.181798 0.333914 0.904839 
0.18 0.138822 0.34126 0.904839 
0.16 0.135031 0.352234 0.904839 
0.18 0.120231 0.352188 0.882777 
0.18 0.13142 0.343255 0.851402 
0.16 0.123842 0.351625 0.93846 
0.14 0.106775 0.378966 0.904839 
0.18 0.147372 0.35382 0.904839 
0.2 0.189737 0.335891 0.851402 
0.2 0.17061 0.334525 0.93846 
0.16 0.117139 0.375408 0.904839 
0.16 0.123842 0.352235 0.93846 
0.16 0.123842 0.354227 0.93846 
0.16 0.107571 0.371712 0.904839 
0.16 0.11644 0.360579 0.900236 
0.14 0.106775 0.378966 0.904839 
0.2 0.224923 0.334958 0.904839 
0.16 0.11644 0.357999 0.825284 
0.4 0.385988 0.213306 0.66875 

