0.48 0.437292 0.196305 0.752125 
0.44 0.473732 0.209543 0.66875 
0.44 0.440977 0.210927 0.68125 
0.5 0.508599 0.188199 0.66875 
0.52 0.513501 0.192297 0.66875 
0.5 0.429608 0.197026 0.752125 
0.5 0.453017 0.187519 0.66875 
0.5 0.476436 0.18853 0.66875 
0.48 0.439495 0.192057 0.700191 
0.48 0.460701 0.187918 0.700191 
0.54 0.550043 0.187534 0.858793 
0.3 0.15925 0.293323 0.824513 
0.28 0.208652 0.297049 0.772408 
0.32 0.234653 0.267829 0.817822 
0.42 0.37654 0.21489 0.68575 
0.42 0.360685 0.209505 0.66875 
0.46 0.408217 0.202222 0.66875 
0.4 0.294447 0.218264 0.824513 
0.46 0.42215 0.199595 0.66875 
0.46 0.348793 0.203651 0.824513 
0.5 0.450892 0.189625 0.858793 
0.26 0.151501 0.312315 0.824513 
0.26 0.180345 0.286437 0.772408 
0.26 0.146793 0.299985 0.824513 
0.26 0.168661 0.289089 0.820023 
0.34 0.278107 0.249235 0.743553 
0.42 0.342044 0.219266 0.66875 
0.38 0.289781 0.236052 0.757185 
0.46 0.401407 0.204913 0.709001 
0.48 0.341039 0.195811 0.858793 
0.22 0.146914 0.332058 0.824513 
0.24 0.12481 0.320041 0.825284 
0.26 0.157111 0.299427 0.824513 
0.34 0.178757 0.26092 0.824513 
0.3 0.191621 0.26789 0.772408 
0.3 0.191621 0.26789 0.772408 
0.34 0.22708 0.264346 0.820023 
0.38 0.211073 0.243849 0.861263 
0.18 0.132813 0.343467 0.824513 
0.3 0.304928 0.276422 0.66875 
0.26 0.157111 0.299427 0.824513 
0.36 0.185145 0.266032 0.824513 
0.24 0.162254 0.293833 0.824513 
0.36 0.219956 0.247021 0.752125 
0.34 0.179544 0.257462 0.861263 
0.2 0.141937 0.342118 0.825284 
0.24 0.138743 0.321463 0.824513 
0.24 0.12481 0.323011 0.825284 
0.24 0.170425 0.295373 0.772408 
0.36 0.229936 0.254236 0.772408 
0.3 0.158218 0.274251 0.93846 
0.2 0.134156 0.339689 0.824513 
0.26 0.18153 0.29882 0.772408 
0.24 0.170425 0.295373 0.772408 
0.24 0.142923 0.313351 0.824513 
0.26 0.147423 0.299885 0.861263 
0.24 0.138632 0.326282 0.851402 
0.24 0.170425 0.3003 0.772408 
0.2 0.117769 0.34845 0.904839 
0.28 0.146256 0.302616 0.882777 
0.24 0.138632 0.324411 0.882777 
0.18 0.117236 0.347776 0.825284 
0.18 0.120231 0.342054 0.900236 
0.18 0.112547 0.363772 0.904839 
0.18 0.108913 0.367935 0.904839 
0.2 0.117769 0.355723 0.904839 
0.32 0.309904 0.272897 0.66875 
0.38 0.348052 0.232737 0.68575 
0.28 0.228932 0.266372 0.817822 
0.4 0.356806 0.209962 0.66875 
0.46 0.452911 0.205107 0.68575 
0.48 0.441509 0.191124 0.66875 
0.46 0.493239 0.203244 0.66875 
0.46 0.472612 0.191414 0.66875 
0.52 0.463363 0.184736 0.858793 
0.52 0.526689 0.187243 0.858793 
0.22 0.142733 0.334865 0.825284 
0.26 0.185312 0.294617 0.772408 
0.34 0.24025 0.261421 0.772408 
0.3 0.191931 0.267869 0.817822 
0.42 0.342044 0.217213 0.66875 
0.42 0.412582 0.227554 0.700191 
0.46 0.447231 0.212076 0.681392 
0.4 0.295544 0.215591 0.824513 
0.48 0.406615 0.185859 0.858793 
0.26 0.22427 0.29301 0.743553 
0.26 0.213091 0.298345 0.743553 
0.2 0.149881 0.316926 0.824513 
0.2 0.122671 0.334042 0.825284 
0.3 0.192718 0.26749 0.772408 
0.32 0.184909 0.264043 0.824513 
0.38 0.330758 0.222295 0.66875 
0.36 0.25728 0.231481 0.861263 
0.18 0.132813 0.343467 0.824513 
0.16 0.11644 0.355029 0.825284 
0.2 0.13361 0.336213 0.824513 
0.26 0.157111 0.299427 0.824513 
0.3 0.172151 0.273191 0.824513 
0.26 0.157454 0.288659 0.824513 
0.34 0.179544 0.261192 0.861263 
0.24 0.160255 0.313297 0.772408 
0.18 0.117236 0.35676 0.825284 
0.32 0.308719 0.260522 0.66875 
0.24 0.143807 0.305099 0.824513 
0.2 0.137299 0.315559 0.825284 
0.32 0.163194 0.270734 0.93846 
0.18 0.139729 0.335438 0.862805 
0.22 0.142733 0.334865 0.825284 
0.16 0.11644 0.357022 0.825284 
0.28 0.173966 0.293622 0.772408 
0.28 0.146256 0.297993 0.861263 
0.22 0.166633 0.311274 0.772408 
0.2 0.13361 0.33773 0.824513 
0.16 0.116695 0.364328 0.825284 
0.18 0.117236 0.347776 0.825284 
0.16 0.11644 0.357999 0.825284 
0.16 0.113181 0.366676 0.904839 
0.16 0.107571 0.374337 0.904839 
0.16 0.11644 0.364013 0.825284 
0.16 0.123842 0.357396 0.93846 
0.2 0.144914 0.336629 0.900236 
0.24 0.168633 0.320229 0.820023 
0.16 0.11644 0.357999 0.825284 
0.22 0.171601 0.305284 0.817822 
0.42 0.382988 0.20818 0.66875 
0.36 0.280144 0.248961 0.77196 
0.36 0.338938 0.225528 0.817822 
0.42 0.399782 0.203042 0.700191 
0.48 0.466349 0.192063 0.66875 
0.44 0.428177 0.196716 0.861263 
0.28 0.242583 0.318007 0.772408 
0.2 0.154533 0.32417 0.820023 
0.16 0.11644 0.357999 0.825284 
0.36 0.316963 0.232832 0.66875 
0.28 0.190279 0.276138 0.772408 
0.34 0.261021 0.243314 0.772408 
0.4 0.356806 0.210291 0.66875 
0.4 0.356806 0.204328 0.861263 
0.2 0.13361 0.336213 0.824513 
0.24 0.15332 0.326304 0.824513 
0.18 0.117236 0.35676 0.825284 
0.22 0.166633 0.311274 0.772408 
0.38 0.261109 0.25846 0.772408 
0.38 0.330758 0.221966 0.66875 
0.24 0.163606 0.288015 0.862805 
0.22 0.166633 0.311274 0.772408 
0.22 0.146914 0.330541 0.824513 
0.16 0.11644 0.355029 0.825284 
0.26 0.150209 0.303312 0.861263 
0.2 0.136605 0.327567 0.824513 
0.2 0.137299 0.311789 0.93846 
0.22 0.14328 0.338341 0.825284 
0.22 0.142733 0.331084 0.824513 
0.16 0.116695 0.364328 0.825284 
0.22 0.135049 0.328505 0.824513 
0.2 0.121574 0.335352 0.825284 
0.2 0.13361 0.336213 0.824513 
0.16 0.123842 0.361121 0.904839 
0.2 0.139266 0.347818 0.851402 
0.22 0.148497 0.320947 0.882777 
0.16 0.11644 0.355029 0.825284 
0.18 0.129068 0.345004 0.851402 
0.14 0.106775 0.378966 0.904839 
0.16 0.107571 0.371712 0.904839 
0.18 0.112547 0.360474 0.93846 
0.16 0.123842 0.352235 0.93846 
0.22 0.148344 0.335888 0.825284 
0.3 0.293573 0.281963 0.66875 
0.22 0.19751 0.317433 0.820023 
0.22 0.166633 0.313073 0.772408 
0.26 0.247198 0.28802 0.752125 
0.28 0.187765 0.270437 0.817822 
0.4 0.356806 0.209962 0.66875 
0.38 0.332749 0.221455 0.862805 
0.22 0.146914 0.330541 0.824513 
0.2 0.118579 0.343998 0.825284 
0.24 0.168633 0.312761 0.820023 
0.2 0.149881 0.32591 0.824513 
0.26 0.167772 0.297085 0.824513 
0.28 0.189492 0.276458 0.817822 
0.26 0.180359 0.277742 0.861263 
0.16 0.123842 0.363233 0.904839 
0.16 0.11644 0.355029 0.825284 
0.18 0.120231 0.35304 0.825284 
0.22 0.166633 0.311274 0.772408 
0.28 0.222599 0.282315 0.772408 
0.2 0.137299 0.312398 0.93846 
0.2 0.134156 0.339689 0.824513 
0.22 0.166633 0.311274 0.772408 
0.22 0.166633 0.311274 0.772408 
0.16 0.123842 0.35535 0.904839 
0.2 0.128976 0.332557 0.93846 
0.32 0.314862 0.261169 0.66875 
0.3 0.304928 0.276422 0.66875 
0.22 0.137836 0.333535 0.851402 
0.2 0.118579 0.343198 0.93846 
0.16 0.127629 0.354228 0.851402 
0.2 0.133947 0.349955 0.851402 
0.16 0.11644 0.354912 0.93846 
0.14 0.106775 0.378966 0.904839 
0.14 0.106775 0.378966 0.904839 
0.16 0.123842 0.357396 0.93846 
0.2 0.160708 0.333728 0.825284 
0.3 0.282356 0.278632 0.711389 
0.3 0.326134 0.276948 0.66875 
0.2 0.154533 0.32417 0.820023 
0.32 0.335799 0.258971 0.66875 
0.3 0.196889 0.261672 0.817822 
0.24 0.185067 0.292595 0.93846 
0.24 0.148242 0.324694 0.831648 
0.18 0.118482 0.36881 0.904839 
0.26 0.176989 0.299832 0.772408 
0.24 0.176554 0.302337 0.772408 
0.16 0.127629 0.354228 0.851402 
0.18 0.133508 0.327689 0.93846 
0.24 0.173198 0.31343 0.772408 
0.22 0.137836 0.333535 0.851402 
0.18 0.117236 0.347776 0.825284 
0.16 0.127629 0.354228 0.851402 
0.16 0.11644 0.355746 0.93846 
0.22 0.166633 0.311274 0.772408 
0.18 0.144381 0.340921 0.851402 
0.16 0.11644 0.355029 0.825284 
0.16 0.123842 0.351625 0.93846 
0.18 0.119134 0.356271 0.825284 
0.14 0.106775 0.378966 0.904839 
0.18 0.118158 0.365081 0.93846 
0.18 0.127638 0.354683 0.851402 
0.2 0.121949 0.348461 0.93846 
0.22 0.138044 0.338513 0.900236 
0.22 0.159005 0.315578 0.825284 
0.22 0.187839 0.310076 0.772408 
0.22 0.180275 0.338272 0.825284 
0.24 0.200833 0.316072 0.820023 
0.16 0.11644 0.364013 0.825284 
0.18 0.133508 0.329205 0.93846 
0.32 0.297364 0.272713 0.66875 
0.18 0.139729 0.335438 0.862805 
0.24 0.188034 0.328967 0.772408 
0.18 0.149348 0.345432 0.851402 
0.16 0.123842 0.353141 0.93846 
0.18 0.120486 0.354988 0.831648 
0.16 0.11644 0.357999 0.825284 
0.2 0.13286 0.334031 0.851402 
0.18 0.139729 0.331183 0.861263 
0.16 0.113181 0.366676 0.904839 
0.16 0.127629 0.354228 0.851402 
0.18 0.108913 0.367935 0.904839 
0.16 0.11644 0.357954 0.900236 
0.22 0.123291 0.344684 0.93846 
0.16 0.113181 0.362952 0.93846 
0.22 0.183997 0.330661 0.824513 
0.18 0.170554 0.333734 0.851402 
0.18 0.144696 0.327688 0.851402 
0.18 0.170554 0.333734 0.851402 
0.18 0.144381 0.338427 0.861263 
0.3 0.210735 0.304266 0.772408 
0.2 0.163208 0.340289 0.825284 
0.16 0.131341 0.357298 0.851402 
0.16 0.123842 0.352235 0.93846 
0.16 0.117139 0.372587 0.904839 
0.18 0.129068 0.348026 0.851402 
0.16 0.123842 0.351625 0.93846 
0.18 0.129068 0.344745 0.851402 
0.22 0.123291 0.35247 0.93846 
0.16 0.113181 0.362952 0.93846 
0.18 0.149348 0.336564 0.851402 
0.16 0.139683 0.364515 0.904839 
0.16 0.160889 0.357671 0.904839 
0.22 0.184206 0.32652 0.93846 
0.16 0.127629 0.362015 0.851402 
0.14 0.106775 0.378966 0.904839 
0.16 0.128494 0.358869 0.93846 
0.18 0.129068 0.345004 0.851402 
0.22 0.177229 0.340609 0.900236 
0.16 0.113181 0.36736 0.904839 
0.14 0.106775 0.378966 0.904839 
0.18 0.152459 0.359054 0.904839 
0.2 0.187367 0.323176 0.851402 
0.18 0.118158 0.369031 0.904839 
0.16 0.113181 0.368114 0.93846 
0.18 0.127846 0.352876 0.900236 
0.16 0.160889 0.362832 0.904839 
0.16 0.107571 0.371712 0.904839 
0.18 0.118158 0.362456 0.93846 
0.14 0.106775 0.378966 0.904839 
0.42 0.438699 0.224857 0.66875 
0.42 0.412091 0.221636 0.68575 

