0.36 0.378243 0.24989 0.66875 
0.4 0.402435 0.206873 0.66875 
0.42 0.460169 0.213903 0.66875 
0.48 0.497456 0.19509 0.68575 
0.5 0.484083 0.193145 0.66875 
0.48 0.472575 0.19059 0.66875 
0.52 0.522467 0.199913 0.66875 
0.52 0.491489 0.18596 0.66875 
0.54 0.52898 0.183025 0.858793 
0.5 0.538489 0.196535 0.66875 
0.54 0.474857 0.177904 0.858793 
0.16 0.11644 0.357999 0.825284 
0.38 0.219211 0.247944 0.770481 
0.3 0.199426 0.262838 0.817822 
0.38 0.342877 0.220491 0.816218 
0.4 0.226145 0.240775 0.824513 
0.42 0.365652 0.210535 0.66875 
0.42 0.360685 0.206837 0.700191 
0.46 0.449031 0.211156 0.66875 
0.48 0.369758 0.197452 0.824513 
0.48 0.369758 0.191886 0.824513 
0.32 0.175248 0.283772 0.772408 
0.32 0.19051 0.263052 0.817822 
0.24 0.146677 0.301112 0.825284 
0.34 0.272876 0.261706 0.772408 
0.32 0.235695 0.257629 0.772408 
0.4 0.337924 0.226476 0.66875 
0.42 0.360685 0.206837 0.700191 
0.42 0.242518 0.220929 0.843973 
0.44 0.346168 0.201735 0.861263 
0.26 0.178174 0.309281 0.772408 
0.2 0.125208 0.331189 0.824513 
0.34 0.317301 0.252026 0.66875 
0.34 0.294475 0.248649 0.709001 
0.36 0.221507 0.250412 0.824513 
0.32 0.176276 0.272739 0.772408 
0.42 0.242097 0.22832 0.861263 
0.36 0.2123 0.243886 0.824513 
0.32 0.30627 0.273317 0.66875 
0.3 0.155283 0.298505 0.824513 
0.22 0.156283 0.329369 0.825284 
0.3 0.192718 0.26749 0.772408 
0.28 0.181146 0.288576 0.772408 
0.32 0.177105 0.264719 0.824513 
0.38 0.200097 0.241732 0.843973 
0.22 0.166633 0.311274 0.772408 
0.2 0.13361 0.336213 0.824513 
0.34 0.318653 0.249532 0.66875 
0.24 0.128443 0.32762 0.824513 
0.26 0.151941 0.290914 0.824513 
0.3 0.189603 0.278142 0.93846 
0.34 0.316204 0.258064 0.66875 
0.3 0.304928 0.276422 0.66875 
0.28 0.157908 0.295196 0.851172 
0.3 0.185562 0.293703 0.824513 
0.32 0.157519 0.288604 0.824513 
0.22 0.133619 0.331765 0.824513 
0.24 0.144062 0.32195 0.824513 
0.32 0.188932 0.291316 0.824513 
0.22 0.156283 0.325598 0.93846 
0.26 0.142465 0.314172 0.824513 
0.2 0.128434 0.34529 0.851402 
0.26 0.159343 0.327026 0.93846 
0.2 0.152492 0.342298 0.825284 
0.14 0.106775 0.378966 0.904839 
0.18 0.112547 0.363099 0.93846 
0.28 0.224085 0.296268 0.772408 
0.36 0.392635 0.259722 0.68125 
0.34 0.318384 0.242545 0.66875 
0.42 0.415725 0.218274 0.68575 
0.46 0.465474 0.2035 0.66875 
0.46 0.474797 0.212926 0.66875 
0.46 0.471353 0.20157 0.66875 
0.46 0.464034 0.205272 0.66875 
0.46 0.442023 0.201877 0.66875 
0.5 0.493086 0.190526 0.858793 
0.2 0.138211 0.337435 0.820023 
0.26 0.173915 0.296564 0.772408 
0.24 0.163981 0.304001 0.824513 
0.28 0.177706 0.27448 0.824513 
0.32 0.231904 0.249799 0.772408 
0.42 0.363115 0.208734 0.66875 
0.42 0.352455 0.206805 0.824513 
0.42 0.361782 0.206437 0.66875 
0.42 0.387006 0.210412 0.858793 
0.28 0.17061 0.30448 0.772408 
0.28 0.172614 0.295319 0.772408 
0.18 0.120231 0.339129 0.825284 
0.28 0.228062 0.27711 0.743553 
0.36 0.328318 0.22547 0.700191 
0.38 0.329661 0.223213 0.700191 
0.26 0.156598 0.292763 0.831648 
0.3 0.189899 0.262282 0.824513 
0.28 0.173966 0.291566 0.772408 
0.22 0.146914 0.330541 0.824513 
0.3 0.282102 0.271413 0.711389 
0.32 0.180942 0.2619 0.824513 
0.26 0.179007 0.28818 0.772408 
0.32 0.213758 0.261749 0.824513 
0.28 0.168004 0.28057 0.861263 
0.3 0.304928 0.276422 0.66875 
0.16 0.11644 0.355029 0.825284 
0.26 0.18022 0.314013 0.824513 
0.26 0.167772 0.288101 0.824513 
0.22 0.147233 0.301938 0.825284 
0.24 0.182488 0.295712 0.93846 
0.32 0.314862 0.265432 0.66875 
0.2 0.13361 0.336213 0.824513 
0.22 0.162365 0.319229 0.772408 
0.22 0.135049 0.326989 0.824513 
0.22 0.172554 0.306311 0.93846 
0.24 0.161842 0.316346 0.772408 
0.18 0.151695 0.352522 0.825284 
0.18 0.148437 0.361199 0.904839 
0.2 0.121028 0.333701 0.93846 
0.22 0.144451 0.338175 0.824513 
0.2 0.125462 0.348039 0.824513 
0.16 0.111751 0.367728 0.93846 
0.2 0.134045 0.34217 0.858846 
0.18 0.115542 0.357438 0.93846 
0.2 0.125208 0.340422 0.93846 
0.34 0.313695 0.263648 0.66875 
0.32 0.344817 0.28061 0.68125 
0.28 0.249892 0.273674 0.817822 
0.38 0.349409 0.231943 0.66875 
0.28 0.220512 0.278169 0.817822 
0.34 0.295961 0.233568 0.817822 
0.42 0.424206 0.205631 0.66875 
0.42 0.422854 0.207578 0.700191 
0.44 0.425965 0.196388 0.861263 
0.3 0.304928 0.276422 0.66875 
0.2 0.131429 0.34157 0.851402 
0.24 0.181521 0.30559 0.772408 
0.22 0.159005 0.308161 0.824513 
0.28 0.250633 0.271446 0.743553 
0.34 0.318398 0.236228 0.700191 
0.42 0.327777 0.208725 0.709001 
0.42 0.383669 0.197441 0.861263 
0.22 0.161671 0.345094 0.824513 
0.22 0.161671 0.345094 0.824513 
0.2 0.13779 0.344567 0.824513 
0.28 0.20768 0.289867 0.820023 
0.2 0.137299 0.315559 0.825284 
0.28 0.178924 0.276536 0.772408 
0.3 0.225617 0.26577 0.93846 
0.18 0.151695 0.352522 0.825284 
0.24 0.21185 0.313249 0.824513 
0.2 0.150135 0.326225 0.824513 
0.26 0.189723 0.288295 0.824513 
0.24 0.17335 0.302828 0.825284 
0.24 0.148029 0.290914 0.93846 
0.26 0.170175 0.306353 0.772408 
0.18 0.148437 0.361199 0.904839 
0.2 0.143432 0.33901 0.820023 
0.24 0.190751 0.306737 0.862805 
0.28 0.203027 0.28755 0.824513 
0.2 0.13361 0.336213 0.824513 
0.22 0.133619 0.331765 0.824513 
0.22 0.137836 0.331196 0.858846 
0.2 0.155487 0.340404 0.93846 
0.16 0.123842 0.352235 0.93846 
0.16 0.127629 0.355745 0.851402 
0.2 0.125208 0.346069 0.93846 
0.18 0.116973 0.362977 0.904839 
0.18 0.148437 0.360782 0.93846 
0.16 0.111751 0.370353 0.93846 
0.24 0.163981 0.304001 0.824513 
0.24 0.181521 0.308214 0.772408 
0.22 0.175378 0.334145 0.824513 
0.32 0.350825 0.264396 0.68125 
0.24 0.163981 0.304001 0.824513 
0.3 0.220632 0.26164 0.817822 
0.36 0.365652 0.223027 0.700191 
0.4 0.381229 0.203562 0.861263 
0.2 0.158671 0.340151 0.824513 
0.26 0.21024 0.307492 0.743553 
0.22 0.146914 0.330541 0.824513 
0.2 0.182715 0.318954 0.851402 
0.24 0.170425 0.295373 0.772408 
0.34 0.318398 0.236228 0.700191 
0.26 0.195001 0.278292 0.825284 
0.3 0.282102 0.273045 0.709001 
0.18 0.151695 0.349552 0.825284 
0.3 0.268071 0.287528 0.709001 
0.3 0.304928 0.276422 0.66875 
0.26 0.16087 0.294324 0.861263 
0.2 0.137299 0.316715 0.93846 
0.16 0.11644 0.355029 0.825284 
0.22 0.166633 0.311274 0.772408 
0.24 0.161842 0.316346 0.772408 
0.22 0.159005 0.308161 0.824513 
0.16 0.11644 0.354229 0.93846 
0.24 0.150705 0.319568 0.824513 
0.18 0.127638 0.34978 0.851402 
0.16 0.127629 0.354228 0.851402 
0.2 0.125851 0.347545 0.93846 
0.16 0.127629 0.354228 0.851402 
0.2 0.162889 0.335784 0.93846 
0.16 0.11644 0.357537 0.93846 
0.2 0.162893 0.349889 0.858846 
0.16 0.113181 0.36626 0.93846 
0.24 0.147446 0.325336 0.876444 
0.2 0.175994 0.336889 0.820023 
0.24 0.163981 0.304001 0.824513 
0.16 0.11644 0.357999 0.825284 
0.16 0.11644 0.355029 0.825284 
0.2 0.168763 0.325981 0.825284 
0.26 0.268048 0.286149 0.743553 
0.26 0.250402 0.275159 0.93846 
0.22 0.166633 0.311274 0.772408 
0.22 0.154315 0.325592 0.876444 
0.24 0.170425 0.3003 0.772408 
0.32 0.314862 0.265432 0.66875 
0.18 0.144951 0.340008 0.851402 
0.22 0.159019 0.311755 0.93846 
0.26 0.208027 0.321748 0.824513 
0.2 0.156695 0.349254 0.824513 
0.18 0.151695 0.352522 0.825284 
0.22 0.179961 0.32594 0.851402 
0.28 0.228446 0.290226 0.862805 
0.18 0.162884 0.348751 0.851402 
0.16 0.127629 0.354228 0.851402 
0.22 0.14253 0.324469 0.824513 
0.22 0.178776 0.313825 0.862805 
0.16 0.127629 0.354228 0.851402 
0.2 0.150797 0.351277 0.93846 
0.18 0.151695 0.348752 0.93846 
0.2 0.123856 0.360009 0.896643 
0.2 0.129865 0.33775 0.851402 
0.18 0.118158 0.367904 0.93846 
0.26 0.199236 0.298523 0.824513 
0.3 0.340891 0.281373 0.68125 
0.22 0.180169 0.31718 0.824513 
0.22 0.222622 0.316968 0.861263 
0.2 0.15314 0.3372 0.851402 
0.22 0.196704 0.314063 0.861263 
0.16 0.11644 0.357999 0.825284 
0.24 0.170165 0.31113 0.772408 
0.22 0.159005 0.308161 0.824513 
0.24 0.227599 0.314181 0.851402 
0.22 0.145729 0.323729 0.824513 
0.16 0.127629 0.354228 0.851402 
0.16 0.123842 0.363233 0.904839 
0.16 0.127629 0.354228 0.851402 
0.16 0.123842 0.354647 0.93846 
0.16 0.127629 0.354228 0.851402 
0.18 0.132605 0.356556 0.858846 
0.22 0.132258 0.34159 0.93846 
0.16 0.127629 0.354911 0.858846 
0.16 0.117139 0.371202 0.904839 
0.16 0.11644 0.354229 0.93846 
0.18 0.165587 0.342487 0.851402 
0.18 0.151695 0.352522 0.825284 
0.2 0.208573 0.322237 0.851402 
0.26 0.216646 0.304876 0.820023 
0.2 0.202083 0.328661 0.93846 
0.2 0.158718 0.349773 0.851402 
0.18 0.138248 0.352396 0.851402 
0.18 0.133026 0.346462 0.851402 
0.18 0.151695 0.354399 0.93846 
0.16 0.131341 0.357298 0.851402 
0.16 0.127629 0.35939 0.851402 
0.16 0.11644 0.354229 0.93846 
0.14 0.106775 0.378966 0.904839 
0.16 0.11644 0.354229 0.93846 
0.18 0.118158 0.367221 0.93846 
0.2 0.202713 0.342308 0.851402 
0.18 0.174938 0.353391 0.904839 
0.18 0.203875 0.342809 0.904839 
0.16 0.123842 0.351625 0.93846 
0.18 0.153931 0.353661 0.858846 
0.18 0.143474 0.349528 0.904839 
0.2 0.168763 0.33492 0.900236 
0.18 0.132605 0.356358 0.851402 
0.16 0.123842 0.351625 0.93846 
0.24 0.170624 0.327615 0.93846 
0.2 0.174346 0.33437 0.851402 
0.16 0.123842 0.358372 0.904839 
0.2 0.181798 0.333914 0.904839 
0.2 0.139012 0.347503 0.851402 
0.16 0.113181 0.365577 0.93846 
0.16 0.123842 0.352235 0.93846 
0.18 0.165587 0.339724 0.851402 
0.16 0.14203 0.373488 0.904839 
0.16 0.111751 0.370353 0.93846 
0.18 0.166828 0.339785 0.93846 
0.38 0.390219 0.24477 0.66875 
0.38 0.358023 0.231615 0.68125 

