removenum: 15
26 9 21 60 2 49 87 80 43 7 36 87 19 107 1 
addnum: 15
110 44 63 38 110.507 33 8 0.7583 7
22 22 28 12 4 39 17 
111 58 65 39 107.622 77.57 10 0.6608 3
9 39 14 
112 50 53 34 78.234 57.95 6 0.2924 5
32 31 34 2 21 
113 4 33 25 78.3384 76.08 9 0.057 5
16 1 36 9 38 
114 50 32 48 101.843 49.3 6 0.336 3
21 24 23 
115 46 71 24 141.47 23.66 10 0.0354 3
15 35 22 
116 36 91 52 138.798 83.57 10 0.5585 4
35 36 36 4 
117 36 100 74 117.974 95.54 9 0.7756 6
31 28 22 18 16 13 
118 82 38 34 90.464 35.46 4 0.539 4
29 35 8 32 
119 33 86 59 129.857 40.29 4 0.6232 2
35 19 
120 20 9 9 117.739 62.45 9 0.2306 6
33 15 12 11 17 35 
121 86 0 82 93.1146 47.28 6 0.2802 8
30 27 19 8 3 20 21 35 
122 30 46 26 60.0612 17.08 9 0.7238 3
31 15 15 
123 12 49 81 97.6976 8.45 6 0.0977 5
26 22 21 12 2 
124 30 55 11 119.678 21.01 5 0.8905 4
32 16 33 13 
