0.18 0.123022 0.299498 0.82909 
0.16 0.0688926 0.320379 0.740656 
0.14 0.0617758 0.30488 0.939306 
0.18 0.102291 0.304936 0.740656 
0.16 0.10758 0.336226 0.738504 
0.32 0.245831 0.264256 0.738504 
0.08 0.0186566 0.368864 0.740656 
0.1 0.0575151 0.3313 0.789196 
0.06 0.00653193 0.355362 0.803262 
0.16 0.0935603 0.309197 0.759089 
0.12 0.0431449 0.329778 0.779364 
0.18 0.0941537 0.289738 0.939306 
0.24 0.183018 0.303909 0.738504 
0.12 0.0431449 0.311731 0.82265 
0.08 0.0280531 0.330207 0.82265 
0.14 0.0725514 0.316599 0.789196 
0.2 0.087007 0.304299 0.810659 
0.24 0.146213 0.283427 0.740656 
0.1 0.0360281 0.319697 0.82265 
0.28 0.186472 0.278241 0.873258 
0.12 0.0858799 0.325938 0.772635 
0.2 0.152766 0.291191 0.82909 
0.14 0.0728886 0.305574 0.82265 
0.12 0.034235 0.355103 0.740656 
0.16 0.115905 0.305436 0.772635 
0.1 0.0490877 0.33635 0.779364 
0.16 0.0688926 0.299661 0.939306 
0.32 0.232135 0.270128 0.869221 
0.12 0.0337483 0.342432 0.750082 
0.32 0.222986 0.270133 0.867884 
0.1 0.0490877 0.33635 0.779364 
0.2 0.152766 0.291191 0.82909 
0.14 0.0617758 0.329257 0.740656 
0.12 0.0431449 0.317496 0.803262 
0.3 0.216087 0.272564 0.738504 
0.12 0.0496512 0.3265 0.779364 
0.1 0.0360281 0.319697 0.82265 
0.06 0.00653193 0.349596 0.82265 
0.16 0.087451 0.316657 0.759089 
0.08 0.0354645 0.347349 0.779364 
0.22 0.116469 0.291324 0.740656 
0.2 0.123897 0.283581 0.939306 
0.08 0.0186566 0.368864 0.740656 
0.2 0.132035 0.298779 0.740656 
0.08 0.0354645 0.335068 0.803262 
0.18 0.123022 0.299498 0.82909 
0.16 0.0744384 0.302109 0.82265 
0.18 0.122967 0.301245 0.772635 
0.3 0.202392 0.278047 0.869221 
0.1 0.0266315 0.337085 0.803262 
0.08 0.0354645 0.347349 0.779364 
0.2 0.152766 0.291191 0.82909 
0.14 0.0552695 0.30973 0.803262 
0.08 0.0136487 0.343781 0.82265 
0.16 0.0744384 0.302109 0.82265 
0.2 0.137179 0.32626 0.738504 
0.1 0.0360281 0.319697 0.82265 
0.16 0.0917715 0.344672 0.738504 
0.08 0.0186566 0.368864 0.740656 
0.12 0.0496512 0.327575 0.779364 
0.16 0.109702 0.317914 0.750082 
0.24 0.146213 0.283427 0.740656 
0.3 0.216087 0.272564 0.738504 
0.1 0.0490877 0.337181 0.779364 
0.18 0.123022 0.299621 0.759089 
0.18 0.0941537 0.291889 0.939306 
0.32 0.232135 0.270128 0.869221 
0.1 0.0266315 0.357563 0.740656 
0.12 0.0858799 0.326769 0.772635 
0.08 0.0136487 0.343781 0.82265 
0.08 0.0186566 0.368864 0.740656 
0.22 0.116469 0.291324 0.740656 
0.12 0.0337483 0.342432 0.750082 
0.18 0.123022 0.299621 0.759089 
0.14 0.0617758 0.32651 0.740656 
0.18 0.112456 0.331278 0.738504 
0.16 0.0744384 0.302109 0.82265 
0.16 0.0935603 0.308366 0.759089 
0.1 0.0360281 0.337744 0.779364 
0.12 0.0496512 0.327575 0.779364 
0.08 0.0354645 0.347349 0.779364 
0.32 0.232135 0.270128 0.869221 
0.3 0.216087 0.272564 0.738504 
0.2 0.152766 0.291191 0.82909 
0.14 0.0473714 0.323225 0.779364 
0.18 0.0941537 0.289738 0.939306 
0.12 0.0431449 0.315854 0.82265 
0.06 0.0274896 0.345578 0.803262 
0.18 0.122967 0.301245 0.772635 
0.08 0.0145069 0.339086 0.82265 
0.1 0.0360281 0.319697 0.82265 
0.14 0.0864435 0.316332 0.772635 
0.14 0.0513077 0.335184 0.740656 
0.18 0.0798902 0.314389 0.740656 
0.16 0.0744384 0.302109 0.82265 
0.14 0.0617758 0.32651 0.740656 
0.1 0.0490877 0.33635 0.779364 
0.1 0.0266315 0.337085 0.803262 
0.18 0.0941537 0.289738 0.939306 
0.32 0.232135 0.270128 0.869221 
0.2 0.152766 0.291191 0.82909 
0.3 0.216087 0.272564 0.738504 
0.22 0.116469 0.291324 0.740656 
0.2 0.102846 0.303747 0.740656 
0.08 0.0145069 0.339086 0.82265 
0.2 0.123897 0.283581 0.939306 
0.12 0.0496512 0.326744 0.779364 
0.14 0.0617758 0.32651 0.740656 
0.1 0.0266315 0.361098 0.740656 
0.08 0.0354645 0.347349 0.779364 
0.1 0.0490877 0.33635 0.779364 
0.2 0.152766 0.291191 0.82909 
