0.08 0.0280531 0.339319 0.713022 
0.1 0.0619124 0.327973 0.727784 
0.14 0.0387348 0.324505 0.876662 
0.12 0.0410145 0.320301 0.82909 
0.06 0.0274896 0.344359 0.82909 
0.2 0.155281 0.282742 0.727784 
0.1 0.0194933 0.339531 0.768511 
0.06 0.0274896 0.34663 0.713022 
0.1 0.0186352 0.343963 0.876662 
0.14 0.0472177 0.315171 0.759089 
0.1 0.0360281 0.327396 0.82909 
0.28 0.16571 0.277271 0.944998 
0.06 0.0274896 0.346347 0.759089 
0.06 0.0139433 0.353935 0.768511 
0.18 0.0849364 0.296835 0.759089 
0.04 0.00596839 0.365699 0.876662 
0.06 0.0139433 0.355188 0.876662 
0.06 0.0274896 0.352538 0.755309 
0.14 0.0596924 0.309619 0.82909 
0.06 0.0274896 0.34827 0.906768 
0.1 0.0425814 0.323636 0.759089 
0.08 0.0210601 0.345747 0.906768 
0.12 0.0401564 0.324894 0.713022 
0.06 0.00653193 0.359246 0.876662 
0.12 0.0266101 0.332199 0.768511 
0.12 0.0266101 0.333452 0.876662 
0.12 0.0337483 0.330346 0.768511 
0.08 0.0189298 0.346841 0.768511 
0.1 0.0260466 0.337399 0.906768 
0.04 0.00596839 0.364446 0.768511 
0.08 0.0280531 0.338899 0.755309 
0.08 0.0324761 0.337265 0.82909 
0.06 0.00653193 0.357135 0.768511 
0.06 0.00653193 0.359246 0.876662 
0.12 0.0654901 0.316503 0.82909 
0.16 0.060256 0.305436 0.713022 
0.1 0.0330396 0.330812 0.82909 
0.12 0.0401564 0.324894 0.713022 
0.12 0.0401564 0.320599 0.759089 
0.16 0.0551927 0.304661 0.759089 
0.06 0.00653193 0.357135 0.768511 
0.06 0.0274896 0.34663 0.713022 
0.1 0.0186352 0.34271 0.768511 
0.12 0.0266101 0.332595 0.876662 
0.1 0.0425814 0.323636 0.759089 
0.08 0.0280531 0.345227 0.755309 
0.14 0.0387348 0.324505 0.876662 
0.1 0.040451 0.329025 0.713022 
0.06 0.0139433 0.353935 0.768511 
0.06 0.0274896 0.344359 0.82909 
0.08 0.0354645 0.33612 0.713022 
0.12 0.0410145 0.320301 0.82909 
0.04 0.00596839 0.365699 0.876662 
0.04 0.00596839 0.364446 0.768511 
0.28 0.16571 0.277271 0.944998 
0.16 0.109015 0.304547 0.727784 
0.12 0.0266101 0.332199 0.768511 
0.1 0.0186352 0.341457 0.906768 
0.08 0.0115184 0.350041 0.768511 
0.08 0.0324761 0.337265 0.82909 
0.06 0.0274896 0.352538 0.755309 
0.06 0.0274896 0.34827 0.906768 
0.08 0.0210601 0.345747 0.906768 
0.1 0.0186352 0.343963 0.876662 
0.06 0.00653193 0.357135 0.768511 
0.16 0.0667538 0.30395 0.759089 
0.12 0.0410145 0.320301 0.82909 
0.2 0.115385 0.295187 0.82909 
0.14 0.0977484 0.312012 0.727784 
0.04 0.00596839 0.364446 0.768511 
0.06 0.0274896 0.344359 0.82909 
0.12 0.0431449 0.321058 0.755309 
0.1 0.0194933 0.341641 0.876662 
0.08 0.0354645 0.33612 0.713022 
0.06 0.0274896 0.34827 0.906768 
0.1 0.0425814 0.323636 0.759089 
0.08 0.0136487 0.349335 0.944998 
0.1 0.0260466 0.337399 0.906768 
0.1 0.0186352 0.34271 0.768511 
0.06 0.0274896 0.34663 0.713022 
0.08 0.0346064 0.334147 0.759089 
0.14 0.0387348 0.324505 0.876662 
0.1 0.0330396 0.330812 0.82909 
0.08 0.0115184 0.350041 0.768511 
0.04 0.00596839 0.365699 0.876662 
0.28 0.16571 0.277271 0.944998 
0.12 0.0266101 0.330946 0.906768 
0.08 0.0145069 0.348735 0.876662 
0.14 0.0481314 0.314384 0.713022 
0.2 0.155281 0.282742 0.727784 
0.06 0.0274896 0.352538 0.755309 
0.06 0.0139433 0.353935 0.768511 
0.16 0.0551927 0.304661 0.759089 
0.06 0.00653193 0.357135 0.768511 
0.06 0.00653193 0.359246 0.876662 
0.08 0.0115184 0.350041 0.768511 
0.04 0.00596839 0.364446 0.768511 
0.12 0.0401564 0.324894 0.713022 
0.14 0.0726069 0.30629 0.759089 
0.08 0.0115184 0.351294 0.876662 
0.04 0.00596839 0.365699 0.876662 
0.1 0.0360281 0.329667 0.713022 
0.12 0.0410145 0.320301 0.82909 
0.14 0.0481314 0.310089 0.759089 
0.1 0.0330396 0.330812 0.82909 
0.1 0.0194933 0.340783 0.876662 
0.26 0.212258 0.288753 0.726185 
0.06 0.0274896 0.352538 0.755309 
0.12 0.0266101 0.333452 0.876662 
0.28 0.16571 0.277271 0.944998 
0.08 0.0346064 0.334147 0.759089 
0.06 0.0139433 0.353935 0.768511 
