0 21 26 19 50.5972 2.85 2 0.2531 12
1 6 9 13 18 37 41 50 57 71 97 99 
1 43 20 86 138.902 85.09 2 0.5353 16
7 10 23 27 34 43 51 54 60 63 72 82 83 85 95 98 
2 51 94 81 122.207 0.73 5 0.1667 19
3 8 9 12 18 19 20 28 37 45 48 52 66 85 89 90 91 93 96 
3 44 55 3 80.4984 20.59 4 0.5712 12
12 23 34 46 48 54 59 63 69 70 72 81 
4 51 35 99 112.49 93.86 10 0.485 13
1 4 18 30 46 50 65 73 74 82 84 97 98 
5 35 30 75 143.858 92.14 1 0.7205 17
0 9 12 16 18 21 25 30 34 37 41 49 54 68 71 81 97 
6 50 19 67 80.7697 50.93 7 0.0388 15
5 6 13 22 31 34 45 54 56 63 81 88 89 95 96 
7 0 73 81 92.2056 11.95 9 0.0615 13
5 32 38 44 47 54 57 64 67 71 74 75 76 
8 41 81 3 15.642 85.03 5 0.3077 13
1 4 6 21 35 49 62 64 81 86 89 94 96 
9 60 84 37 59.7921 43.9 7 0.7461 11
17 24 25 27 47 53 54 63 73 84 95 
10 71 35 57 112.233 66.87 5 0.3295 13
1 3 4 18 21 22 37 40 44 47 56 58 84 
11 89 58 96 138.995 48.59 4 0.9625 18
5 12 17 18 19 23 29 40 48 51 53 67 68 70 76 82 84 90 
12 64 60 19 40.5888 90.01 2 0.4751 14
1 2 16 18 29 45 51 55 65 69 78 81 92 95 
13 84 48 38 42.48 73.06 6 0.8382 16
2 3 6 9 14 22 23 25 27 29 32 46 74 75 80 84 
14 8 14 87 102.114 60.14 7 0.2027 12
12 21 36 45 53 54 60 61 63 73 82 85 
15 99 58 19 25.9561 53.06 4 0.7643 16
0 3 17 26 31 37 49 52 62 71 77 80 93 94 95 97 
16 13 7 61 96.6267 74.78 9 0.2578 13
9 18 26 28 34 41 44 51 62 77 80 93 98 
17 22 97 90 97.896 22.38 10 0.2774 13
0 22 28 38 40 49 56 66 69 73 81 94 97 
18 18 20 54 141.283 55.38 8 0.2576 12
0 9 35 36 37 41 69 72 75 76 81 95 
19 30 31 33 49.1109 12.81 10 0.811 20
0 6 9 22 24 29 42 44 52 55 56 65 70 74 75 76 78 87 96 97 
20 27 42 61 85.7064 20.05 8 0.5033 9
2 14 20 21 30 59 67 69 77 
21 65 35 36 46.9896 96.9 5 0.5343 12
3 16 26 28 37 43 52 65 68 79 85 88 
22 71 46 50 75.19 72.31 1 0.0586 9
7 9 24 58 60 67 76 81 86 
23 11 77 37 57.2835 94.55 10 0.006 21
3 15 27 31 32 38 47 50 61 63 65 70 71 81 86 87 90 92 93 95 99 
24 34 65 79 83.5369 74.48 2 0.2785 14
3 5 25 27 34 35 42 43 46 47 53 64 88 90 
25 68 95 31 139.338 96.15 3 0.6525 13
19 23 36 44 45 47 61 70 80 89 90 91 97 
26 94 60 50 80.45 24.43 2 0.3836 9
6 26 37 51 61 69 81 95 99 
27 54 7 52 101.637 0.86 8 0.2386 13
10 22 24 28 35 39 42 50 59 60 66 71 72 
28 28 41 36 54.2286 78.31 10 0.875 14
14 23 28 31 32 41 43 47 55 62 66 74 90 92 
29 58 69 80 87.602 15 7 0.9338 17
3 8 11 15 21 23 25 28 37 46 51 53 54 61 62 92 93 
30 67 30 35 110.095 86.81 4 0.2483 13
4 22 28 32 39 42 54 60 63 64 78 84 97 
31 1 18 11 74.5786 38.13 7 0.8864 8
0 12 13 15 35 54 95 97 
32 26 77 53 128.476 15.03 10 0.4668 17
2 3 11 13 26 29 32 37 39 40 49 55 65 67 71 78 96 
33 32 95 67 105.412 11.8 7 0.1228 18
3 5 18 20 22 28 39 41 44 52 58 66 73 75 89 91 94 98 
34 81 43 63 145.459 55.58 9 0.0654 17
6 9 16 20 22 31 32 50 58 60 66 67 77 83 85 91 99 
35 68 1 9 81.0228 30.63 1 0.7598 11
13 27 36 43 60 62 68 75 76 87 97 
36 8 55 59 109.924 99.96 10 0.2035 14
1 8 14 15 18 24 38 40 47 51 58 90 93 97 
37 96 65 29 37.6031 57.62 8 0.0389 14
19 24 33 36 39 42 47 62 79 81 85 91 95 97 
38 40 24 94 128.345 49.78 1 0.8603 9
22 36 54 61 69 74 80 83 98 
39 22 97 28 106.861 9.56 1 0.5681 15
1 5 6 10 15 22 25 27 32 54 59 61 65 86 98 
40 52 99 16 93.5726 78.59 10 0.0287 12
0 3 24 31 55 57 66 69 83 84 88 91 
41 40 95 55 147.758 31.11 4 0.0684 14
5 6 7 14 19 22 27 38 40 44 65 76 81 90 
42 27 46 97 108.941 39.86 10 0.9941 13
4 10 11 12 20 23 49 56 59 75 77 90 98 
43 64 27 31 100.187 1.18 8 0.2895 19
7 10 11 16 17 19 20 21 26 31 37 46 49 53 73 80 85 87 93 
44 0 40 64 70.1318 22.28 6 0.4512 17
11 19 25 30 32 38 41 45 51 52 57 58 73 75 81 83 93 
45 82 26 77 93.3374 98.75 6 0.9721 14
3 4 9 12 17 26 58 61 64 70 71 73 76 88 
46 46 15 5 78.399 31.88 6 0.1611 15
1 2 10 23 25 45 58 61 66 67 75 77 90 95 97 
47 52 18 57 93.8187 38.46 4 0.7663 12
2 15 16 25 31 39 43 53 76 77 91 92 
48 94 66 37 110.812 59.98 8 0.0062 16
1 4 11 19 27 30 48 51 52 58 59 64 75 80 88 93 
49 78 78 55 67.8535 82.5 2 0.0838 14
14 21 40 49 50 55 60 64 67 69 72 78 83 98 
50 76 38 57 140.663 96.35 1 0.5427 14
6 11 15 16 21 55 59 62 65 68 73 74 83 94 
51 20 66 96 117.821 84.56 6 0.0068 18
0 4 6 13 15 18 22 23 37 41 42 45 50 57 69 70 72 92 
52 97 72 17 46.2201 67.72 3 0.296 14
11 15 20 26 28 46 53 57 66 67 80 82 86 96 
53 66 43 68 79.4554 83.29 3 0.6292 15
3 23 25 27 29 31 33 42 63 72 75 76 80 82 95 
54 76 4 45 53.4 49.25 1 0.392 16
0 10 14 32 54 56 59 64 66 77 79 80 81 87 90 92 
55 28 72 53 135.314 62.2 10 0.3707 14
15 23 27 41 45 48 54 60 65 77 80 84 87 97 
56 62 54 29 76.7587 99.04 7 0.899 19
1 2 9 12 17 23 29 31 36 45 46 60 66 70 76 80 83 90 91 
57 54 99 4 127.779 59.53 9 0.4747 13
8 16 17 23 27 28 38 39 44 46 76 92 98 
58 73 73 91 114.647 12.5 6 0.1632 11
0 30 34 41 48 51 68 72 80 88 90 
59 69 41 63 73.6575 69.35 4 0.3523 10
5 15 28 31 34 37 60 66 71 99 
60 79 21 5 20.0945 93.34 8 0.1619 18
13 26 33 40 48 49 58 60 61 65 69 73 75 77 78 92 95 99 
61 56 99 99 109.21 29.15 2 0.7414 17
1 3 7 15 25 27 30 33 47 52 58 59 62 71 89 91 94 
62 84 88 23 41.542 78.54 4 0.105 20
2 9 18 28 29 31 40 46 48 49 59 62 65 68 70 73 79 81 93 97 
63 71 93 65 108.019 70.65 2 0.9244 15
5 8 21 23 33 45 46 48 55 56 70 71 73 88 95 
64 26 54 45 125.02 57.87 6 0.7641 11
15 25 29 30 39 48 57 71 73 74 87 
65 81 17 36 45.69 64.92 9 0.8862 8
5 12 27 28 63 75 93 94 
66 45 51 70 90.056 89.21 1 0.7239 12
6 9 11 22 34 41 42 53 64 82 92 97 
67 85 40 43 53.5074 34.39 1 0.3715 16
1 4 12 13 17 32 40 41 51 61 68 69 78 85 87 93 
68 77 8 18 94.3092 94.13 4 0.5118 20
9 14 24 26 31 32 35 41 49 50 52 57 58 71 75 77 83 84 87 92 
69 48 97 22 23.408 25.62 9 0.6246 20
10 15 16 18 24 27 33 34 45 46 48 60 69 70 76 78 83 85 86 98 
70 59 26 34 55.3904 87.5 2 0.1007 14
6 15 16 28 33 34 58 65 70 73 82 92 94 98 
71 47 15 92 94.0242 19.64 7 0.2348 11
1 2 6 36 50 51 57 68 79 92 99 
72 54 58 71 83.2213 45.82 7 0.5948 21
2 12 15 16 22 23 24 27 32 33 38 44 46 49 61 63 64 82 89 91 98 
73 98 74 94 114.49 35.68 8 0.5111 20
2 12 17 21 22 41 44 49 53 60 62 63 66 68 69 70 74 80 89 91 
74 7 77 91 127.539 73.86 4 0.1094 11
6 9 37 41 55 62 67 69 71 74 81 
75 73 86 14 140.956 74.27 1 0.7008 22
0 2 5 7 9 12 16 19 20 47 51 56 62 65 70 77 79 81 85 86 97 98 
76 21 4 8 85.177 6.76 10 0.6969 11
39 40 41 52 53 58 63 65 69 74 76 
77 34 91 35 95.6165 34.38 8 0.3996 13
14 23 31 37 39 45 47 51 54 71 93 94 98 
78 51 20 74 125.862 31.9 8 0.8151 12
9 14 17 34 41 50 51 83 85 94 96 99 
79 45 18 72 73.1076 30 7 0.7786 23
0 7 9 16 20 23 24 25 28 31 32 35 39 42 47 50 51 58 59 69 75 86 99 
80 4 56 85 94.321 61.72 10 0.3642 12
2 17 19 28 33 35 59 63 64 75 90 98 
81 19 54 24 111.079 41.32 1 0.368 11
7 12 33 45 51 64 65 77 80 83 84 
82 96 78 51 107.272 48.87 1 0.824 13
3 8 9 13 25 33 46 53 58 73 87 91 99 
83 22 22 41 118.466 88.88 5 0.07 24
2 4 5 8 10 12 33 36 38 44 45 51 54 56 66 70 74 76 78 83 84 89 91 98 
84 35 43 94 100.63 1.03 6 0.8542 13
11 15 19 33 35 42 43 52 74 79 81 90 96 
85 28 33 28 130.663 63.53 4 0.2214 16
4 5 13 16 26 30 38 44 51 53 56 72 80 88 93 98 
86 31 4 32 45.3458 57.33 6 0.3535 15
2 5 18 20 32 45 47 53 54 73 79 80 86 93 95 
87 3 83 84 91.5702 27.58 9 0.5783 11
11 14 23 25 29 31 37 54 83 93 95 
88 15 85 78 122.014 79.31 10 0.9912 14
11 18 31 32 36 45 58 59 63 68 75 76 80 94 
89 10 51 14 39.3912 18.62 7 0.1593 22
14 15 18 28 29 32 36 37 38 41 43 47 54 60 67 69 73 81 89 90 92 96 
90 40 80 67 88.3891 29.69 8 0.8572 11
8 10 32 46 60 80 81 82 83 85 87 
91 82 60 98 107.027 29.19 3 0.5979 12
8 14 15 39 48 57 61 66 68 74 76 94 
92 8 82 27 51.3048 97.66 7 0.3438 14
7 24 33 35 38 55 60 63 69 76 78 82 93 96 
93 20 1 1 4.278 39.76 5 0.4886 12
7 8 11 46 60 61 66 73 78 90 92 96 
94 79 49 51 110.529 61.07 2 0.3576 12
13 28 36 43 53 57 59 63 65 72 85 95 
95 10 85 54 101.558 24.15 3 0.8731 13
4 5 9 12 14 33 43 52 57 75 91 94 96 
96 27 11 69 129.823 54.48 7 0.6497 13
3 14 25 26 27 47 60 61 68 76 79 90 92 
97 59 49 64 137.736 68.7 1 0.9846 17
13 19 21 30 32 39 45 62 63 65 66 74 79 86 89 90 98 
98 14 57 55 98.1205 7.63 6 0.2133 12
1 4 21 27 49 51 55 68 88 97 98 99 
99 74 2 33 105.154 24.13 9 0.7301 10
4 14 18 28 46 49 53 55 62 75 
