0.26 0.169647 0.304237 0.772408 
0.42 0.370365 0.21917 0.752125 
0.46 0.452911 0.205107 0.68575 
0.46 0.417183 0.200659 0.66875 
0.52 0.489897 0.198961 0.68575 
0.48 0.498877 0.201816 0.68575 
0.48 0.439495 0.192057 0.700191 
0.48 0.477556 0.205491 0.66875 
0.48 0.439495 0.192057 0.700191 
0.5 0.496109 0.190654 0.66875 
0.54 0.536942 0.185877 0.858793 
0.2 0.119676 0.339718 0.825284 
0.3 0.205856 0.263624 0.772408 
0.36 0.326967 0.235772 0.66875 
0.4 0.389932 0.235882 0.68125 
0.36 0.268441 0.25584 0.82225 
0.44 0.417067 0.215169 0.68575 
0.44 0.413522 0.21204 0.66875 
0.48 0.419623 0.195099 0.66875 
0.48 0.419623 0.191874 0.66875 
0.48 0.444361 0.180352 0.858793 
0.26 0.144817 0.310831 0.824513 
0.28 0.228062 0.27711 0.743553 
0.3 0.171795 0.271879 0.824513 
0.32 0.23513 0.257274 0.743553 
0.32 0.191242 0.266456 0.824513 
0.36 0.2123 0.243886 0.824513 
0.42 0.337466 0.217014 0.752125 
0.42 0.3205 0.22787 0.757185 
0.4 0.26596 0.222598 0.843973 
0.32 0.274538 0.269337 0.709001 
0.3 0.221683 0.28406 0.743553 
0.3 0.169911 0.280706 0.824513 
0.36 0.328318 0.227292 0.66875 
0.32 0.208295 0.256477 0.772408 
0.32 0.194575 0.270854 0.772408 
0.34 0.199468 0.268135 0.772408 
0.36 0.222345 0.246362 0.824513 
0.22 0.123555 0.336058 0.824513 
0.24 0.12481 0.320041 0.825284 
0.28 0.157908 0.292174 0.824513 
0.26 0.15239 0.297906 0.824513 
0.32 0.176771 0.268362 0.824513 
0.34 0.180729 0.270444 0.824513 
0.36 0.18452 0.253945 0.861263 
0.22 0.146914 0.330541 0.824513 
0.28 0.165064 0.317902 0.824513 
0.24 0.13884 0.311089 0.824513 
0.24 0.13984 0.311723 0.824513 
0.32 0.17235 0.26848 0.824513 
0.36 0.216841 0.252809 0.861263 
0.24 0.136183 0.327117 0.861263 
0.24 0.140387 0.315199 0.824513 
0.3 0.175308 0.285355 0.772408 
0.3 0.147599 0.295877 0.824513 
0.28 0.136193 0.299977 0.93846 
0.24 0.149839 0.315703 0.862805 
0.16 0.113181 0.362952 0.93846 
0.16 0.113181 0.362952 0.93846 
0.2 0.121028 0.331076 0.93846 
0.16 0.111751 0.37075 0.93846 
0.22 0.129777 0.335411 0.861263 
0.18 0.120231 0.338329 0.93846 
0.16 0.107571 0.371712 0.904839 
0.2 0.11532 0.355646 0.904839 
0.18 0.118158 0.364259 0.93846 
0.32 0.30627 0.275041 0.66875 
0.34 0.393579 0.274353 0.68125 
0.22 0.138095 0.308305 0.825284 
0.44 0.406555 0.213288 0.68125 
0.44 0.418419 0.212201 0.68575 
0.42 0.422173 0.210072 0.700191 
0.46 0.452911 0.211535 0.66875 
0.46 0.483458 0.194302 0.66875 
0.46 0.438153 0.195162 0.700191 
0.48 0.518185 0.185935 0.861263 
0.2 0.131781 0.345287 0.820023 
0.26 0.185312 0.28969 0.772408 
0.38 0.325837 0.246803 0.68125 
0.24 0.163606 0.297876 0.820023 
0.4 0.3751 0.253654 0.66875 
0.42 0.361782 0.206437 0.66875 
0.44 0.385011 0.201693 0.66875 
0.44 0.43707 0.201269 0.722676 
0.44 0.38321 0.203959 0.858793 
0.22 0.166633 0.31279 0.772408 
0.18 0.117236 0.350746 0.825284 
0.32 0.308719 0.262246 0.66875 
0.28 0.228062 0.27711 0.743553 
0.24 0.146677 0.301112 0.825284 
0.36 0.213397 0.242337 0.824513 
0.32 0.210161 0.257365 0.817822 
0.36 0.250851 0.2336 0.824513 
0.26 0.18153 0.300812 0.772408 
0.18 0.132813 0.343467 0.824513 
0.24 0.170425 0.295373 0.772408 
0.24 0.170425 0.295373 0.772408 
0.26 0.16899 0.291977 0.772408 
0.28 0.171443 0.281967 0.772408 
0.3 0.175785 0.269075 0.824513 
0.2 0.144705 0.33192 0.862805 
0.22 0.146914 0.330541 0.824513 
0.24 0.170425 0.295373 0.772408 
0.26 0.156908 0.285183 0.824513 
0.24 0.154251 0.292892 0.861263 
0.26 0.158084 0.288558 0.861263 
0.2 0.144705 0.32978 0.862805 
0.22 0.166633 0.311274 0.772408 
0.18 0.13142 0.34135 0.851402 
0.18 0.132813 0.343467 0.824513 
0.18 0.120231 0.339129 0.825284 
0.26 0.151501 0.312315 0.824513 
0.16 0.113181 0.362952 0.93846 
0.18 0.117236 0.350746 0.825284 
0.2 0.121028 0.331876 0.825284 
0.18 0.132813 0.343467 0.824513 
0.18 0.129068 0.345687 0.858846 
0.18 0.128818 0.352858 0.93846 
0.18 0.127638 0.350463 0.858846 
0.2 0.118954 0.356322 0.93846 
0.2 0.144914 0.336888 0.900236 
0.3 0.304331 0.311231 0.711389 
0.18 0.117236 0.347776 0.825284 
0.4 0.425585 0.231102 0.66875 
0.22 0.171601 0.305284 0.817822 
0.36 0.338387 0.249109 0.68125 
0.4 0.397135 0.217102 0.700191 
0.42 0.435519 0.209948 0.700191 
0.42 0.400967 0.21127 0.700191 
0.42 0.423525 0.202232 0.861263 
0.26 0.178253 0.317799 0.772408 
0.22 0.166633 0.311274 0.772408 
0.22 0.159509 0.323278 0.820023 
0.3 0.255864 0.275148 0.743553 
0.24 0.148682 0.302874 0.820023 
0.38 0.328309 0.232667 0.66875 
0.36 0.307622 0.224365 0.817822 
0.32 0.248957 0.251641 0.824513 
0.22 0.186418 0.32056 0.824513 
0.3 0.209804 0.303524 0.772408 
0.26 0.22427 0.29301 0.743553 
0.3 0.200227 0.270985 0.817822 
0.2 0.137299 0.315559 0.825284 
0.32 0.197695 0.262152 0.772408 
0.22 0.145881 0.308975 0.862805 
0.26 0.175142 0.310238 0.772408 
0.2 0.141937 0.34514 0.851172 
0.18 0.117236 0.347776 0.825284 
0.26 0.151501 0.307388 0.824513 
0.22 0.142275 0.307618 0.824513 
0.2 0.137299 0.311789 0.93846 
0.16 0.11644 0.355029 0.825284 
0.2 0.141937 0.334702 0.824513 
0.18 0.121417 0.350059 0.824513 
0.16 0.11644 0.355029 0.825284 
0.26 0.16087 0.291912 0.862805 
0.22 0.155278 0.316814 0.772408 
0.2 0.141072 0.327171 0.862805 
0.2 0.133401 0.346082 0.851402 
0.14 0.106775 0.378966 0.904839 
0.16 0.127629 0.354228 0.851402 
0.2 0.133401 0.343457 0.851402 
0.2 0.144705 0.33192 0.862805 
0.18 0.127638 0.34978 0.851402 
0.2 0.129865 0.33775 0.851402 
0.18 0.112547 0.363772 0.904839 
0.24 0.157278 0.316785 0.820023 
0.18 0.117236 0.347776 0.825284 
0.26 0.235431 0.290117 0.824513 
0.24 0.163981 0.304001 0.824513 
0.26 0.185326 0.275763 0.817822 
0.3 0.245847 0.264839 0.752125 
0.36 0.365652 0.223027 0.700191 
0.4 0.395991 0.20832 0.861263 
0.18 0.139729 0.335438 0.862805 
0.24 0.192492 0.307958 0.772408 
0.22 0.166633 0.311274 0.772408 
0.3 0.304928 0.276325 0.700191 
0.22 0.153672 0.301026 0.824513 
0.24 0.162796 0.292261 0.824513 
0.24 0.166504 0.299379 0.93846 
0.2 0.122213 0.348819 0.824513 
0.34 0.332059 0.25982 0.68575 
0.28 0.190288 0.293724 0.772408 
0.22 0.166633 0.311274 0.772408 
0.34 0.318384 0.244269 0.66875 
0.2 0.14352 0.313766 0.861263 
0.2 0.141937 0.334702 0.824513 
0.22 0.166633 0.311274 0.772408 
0.3 0.304928 0.278146 0.66875 
0.24 0.17161 0.307756 0.772408 
0.2 0.137299 0.322362 0.93846 
0.24 0.14771 0.323288 0.824513 
0.18 0.127638 0.34978 0.851402 
0.18 0.117236 0.347776 0.825284 
0.16 0.11644 0.354229 0.93846 
0.18 0.144039 0.354674 0.851402 
0.16 0.113181 0.362952 0.93846 
0.14 0.106775 0.378966 0.904839 
0.18 0.113978 0.359423 0.904839 
0.16 0.11644 0.357537 0.93846 
0.16 0.111751 0.367728 0.93846 
0.18 0.132813 0.343467 0.824513 
0.28 0.218378 0.290046 0.772408 
0.16 0.11644 0.355029 0.825284 
0.22 0.166633 0.311274 0.772408 
0.34 0.345733 0.241994 0.66875 
0.24 0.162796 0.292261 0.824513 
0.24 0.206272 0.290715 0.825284 
0.3 0.304928 0.278146 0.66875 
0.2 0.172707 0.329403 0.824513 
0.22 0.146914 0.330541 0.824513 
0.22 0.166633 0.311274 0.772408 
0.26 0.237343 0.278564 0.862805 
0.2 0.137299 0.311789 0.93846 
0.2 0.13779 0.342574 0.824513 
0.18 0.132813 0.343467 0.824513 
0.16 0.11644 0.355029 0.825284 
0.2 0.149672 0.326795 0.851402 
0.18 0.139729 0.329666 0.861263 
0.16 0.127629 0.354228 0.851402 
0.16 0.113181 0.366676 0.904839 
0.18 0.158695 0.351576 0.825284 
0.2 0.14352 0.318693 0.861263 
0.2 0.134045 0.340498 0.861263 
0.22 0.137836 0.333535 0.851402 
0.18 0.127638 0.34978 0.851402 
0.16 0.11644 0.366638 0.825284 
0.18 0.113978 0.355698 0.93846 
0.16 0.123842 0.352235 0.93846 
0.18 0.139729 0.330276 0.862805 
0.2 0.187682 0.313223 0.851402 
0.16 0.127629 0.354228 0.851402 
0.26 0.208527 0.297181 0.820023 
0.16 0.11644 0.355029 0.825284 
0.18 0.133508 0.327689 0.93846 
0.24 0.17161 0.309272 0.772408 
0.3 0.304928 0.278146 0.66875 
0.24 0.17161 0.307756 0.772408 
0.18 0.144381 0.340921 0.851402 
0.16 0.123842 0.35425 0.93846 
0.26 0.189608 0.31251 0.772408 
0.2 0.134045 0.341486 0.851402 
0.18 0.129068 0.346262 0.851402 
0.16 0.11644 0.354229 0.93846 
0.18 0.129068 0.345004 0.851402 
0.14 0.106775 0.384613 0.904839 
0.16 0.123842 0.354859 0.93846 
0.16 0.127629 0.354228 0.851402 
0.2 0.144705 0.32978 0.862805 
0.18 0.117236 0.346976 0.93846 
0.28 0.266779 0.293002 0.735818 
0.18 0.139729 0.333677 0.851402 
0.22 0.187839 0.310076 0.772408 
0.16 0.131341 0.357298 0.851402 
0.16 0.123842 0.351625 0.93846 
0.16 0.123842 0.355959 0.904839 
0.18 0.149348 0.343916 0.851402 
0.16 0.127629 0.354228 0.851402 
0.18 0.168388 0.347828 0.93846 
0.16 0.131341 0.357298 0.851402 
0.16 0.127629 0.354911 0.858846 
0.16 0.11644 0.354229 0.93846 
0.16 0.11644 0.357999 0.825284 
0.18 0.11888 0.355723 0.861263 
0.16 0.113181 0.365974 0.93846 
0.22 0.187839 0.310076 0.772408 
0.22 0.206268 0.334543 0.825284 
0.18 0.144381 0.340921 0.851402 
0.16 0.123842 0.357476 0.904839 
0.2 0.138003 0.347848 0.851402 
0.16 0.128494 0.370381 0.904839 
0.18 0.133471 0.357977 0.93846 
0.18 0.132605 0.353336 0.851402 
0.22 0.164925 0.347371 0.93846 
0.14 0.106775 0.378966 0.904839 
0.18 0.117236 0.347776 0.825284 
0.16 0.139683 0.366655 0.904839 
0.18 0.144381 0.340921 0.851402 
0.14 0.106775 0.378966 0.904839 
0.2 0.131429 0.341829 0.851402 
0.18 0.118158 0.362456 0.93846 
0.16 0.107571 0.371712 0.904839 
0.16 0.123842 0.351625 0.93846 
0.16 0.131341 0.357298 0.851402 
0.2 0.208717 0.332032 0.904839 
0.38 0.442412 0.251095 0.68125 
0.4 0.428761 0.225939 0.68125 

