0.38 0.343011 0.225755 0.66875 
0.44 0.363125 0.205385 0.66875 
0.48 0.476139 0.195368 0.68575 
0.48 0.531721 0.196048 0.68575 
0.52 0.541609 0.190061 0.66875 
0.52 0.486522 0.187024 0.66875 
0.48 0.497345 0.197112 0.68575 
0.48 0.471894 0.193084 0.66875 
0.52 0.540928 0.190697 0.66875 
0.52 0.486522 0.184083 0.66875 
0.5 0.481847 0.191391 0.858793 
0.36 0.31844 0.268784 0.68125 
0.4 0.338253 0.231907 0.66875 
0.32 0.194862 0.271987 0.772408 
0.42 0.347261 0.236218 0.69307 
0.42 0.365652 0.210535 0.66875 
0.46 0.453313 0.21774 0.681392 
0.44 0.363125 0.206273 0.66875 
0.48 0.419623 0.194816 0.66875 
0.5 0.407957 0.183815 0.858793 
0.48 0.364791 0.19936 0.861263 
0.24 0.163301 0.304753 0.820023 
0.32 0.170281 0.273227 0.824513 
0.36 0.326967 0.235772 0.66875 
0.3 0.206735 0.260485 0.824513 
0.36 0.2123 0.243886 0.824513 
0.42 0.296929 0.218933 0.752125 
0.44 0.308293 0.209979 0.824513 
0.44 0.367601 0.218225 0.709001 
0.4 0.355709 0.208431 0.861263 
0.16 0.11644 0.357999 0.825284 
0.26 0.160412 0.297809 0.772408 
0.3 0.167842 0.278553 0.824513 
0.3 0.178502 0.267226 0.824513 
0.32 0.208295 0.256477 0.772408 
0.36 0.188691 0.250563 0.824513 
0.34 0.178757 0.26092 0.824513 
0.4 0.237542 0.234382 0.858793 
0.22 0.142733 0.334865 0.825284 
0.22 0.126259 0.333234 0.824513 
0.2 0.125208 0.334159 0.824513 
0.32 0.197695 0.262434 0.772408 
0.24 0.129874 0.311575 0.825284 
0.36 0.18452 0.257697 0.824513 
0.3 0.163203 0.275379 0.861263 
0.24 0.145247 0.326781 0.824513 
0.16 0.11644 0.357999 0.825284 
0.26 0.160412 0.297809 0.772408 
0.3 0.186677 0.275131 0.772408 
0.28 0.151918 0.284748 0.824513 
0.28 0.161875 0.276805 0.861263 
0.2 0.122467 0.349134 0.824513 
0.26 0.175401 0.296783 0.772408 
0.28 0.157908 0.292174 0.824513 
0.28 0.142622 0.302416 0.851172 
0.3 0.15619 0.284614 0.861263 
0.18 0.117236 0.347776 0.825284 
0.24 0.156621 0.313709 0.772408 
0.22 0.122745 0.341208 0.93846 
0.24 0.132411 0.312344 0.93846 
0.3 0.15619 0.292354 0.824513 
0.18 0.121417 0.350059 0.824513 
0.22 0.132434 0.329723 0.900236 
0.16 0.11644 0.357999 0.825284 
0.2 0.117769 0.344725 0.93846 
0.26 0.146187 0.323153 0.93846 
0.2 0.179451 0.326042 0.820023 
0.42 0.37654 0.21456 0.68575 
0.36 0.371429 0.255993 0.68125 
0.42 0.424206 0.200548 0.66875 
0.46 0.460039 0.190349 0.66875 
0.44 0.47295 0.234017 0.681392 
0.46 0.404592 0.207275 0.752125 
0.44 0.425965 0.20014 0.66875 
0.48 0.439495 0.193878 0.66875 
0.48 0.454637 0.186654 0.858793 
0.24 0.170165 0.313755 0.772408 
0.24 0.170425 0.295373 0.772408 
0.3 0.208175 0.293251 0.772408 
0.3 0.182761 0.276163 0.820023 
0.38 0.345516 0.232143 0.68575 
0.4 0.295544 0.217644 0.824513 
0.4 0.336628 0.222847 0.757185 
0.38 0.333934 0.230886 0.817822 
0.46 0.386608 0.190013 0.861263 
0.22 0.148154 0.337802 0.820023 
0.24 0.193663 0.292186 0.824513 
0.2 0.125208 0.334159 0.824513 
0.28 0.207666 0.274037 0.824513 
0.26 0.185326 0.275763 0.817822 
0.36 0.328318 0.22547 0.700191 
0.38 0.240662 0.237843 0.772408 
0.34 0.210957 0.247663 0.824513 
0.24 0.160255 0.313297 0.772408 
0.3 0.203407 0.303823 0.824513 
0.18 0.132813 0.343467 0.824513 
0.28 0.171443 0.281967 0.772408 
0.24 0.15907 0.300914 0.772408 
0.28 0.181701 0.278648 0.772408 
0.3 0.171795 0.271149 0.861263 
0.22 0.166633 0.311274 0.772408 
0.16 0.11644 0.357999 0.825284 
0.24 0.170425 0.295373 0.772408 
0.28 0.168568 0.280847 0.824513 
0.3 0.166851 0.281028 0.824513 
0.32 0.209092 0.265405 0.824513 
0.32 0.297364 0.27099 0.66875 
0.24 0.17161 0.307756 0.772408 
0.28 0.153737 0.301741 0.824513 
0.26 0.143817 0.307313 0.824513 
0.22 0.177192 0.297725 0.93846 
0.22 0.137401 0.32524 0.824513 
0.2 0.122213 0.342805 0.824513 
0.22 0.142733 0.327448 0.824513 
0.16 0.11644 0.354229 0.93846 
0.2 0.149339 0.329753 0.876444 
0.2 0.117769 0.344725 0.93846 
0.18 0.113978 0.355698 0.93846 
0.18 0.115542 0.356755 0.93846 
0.22 0.122745 0.347783 0.904839 
0.22 0.122745 0.35343 0.904839 
0.3 0.270876 0.298331 0.711389 
0.22 0.171601 0.305284 0.817822 
0.3 0.304928 0.278146 0.66875 
0.3 0.236746 0.263257 0.817822 
0.4 0.335734 0.220494 0.66875 
0.4 0.356806 0.209962 0.66875 
0.4 0.408837 0.235057 0.82225 
0.44 0.436861 0.203901 0.700191 
0.46 0.464224 0.185201 0.858793 
0.22 0.146914 0.330541 0.824513 
0.26 0.203018 0.302099 0.820023 
0.2 0.131781 0.336303 0.820023 
0.28 0.250633 0.271446 0.743553 
0.24 0.170425 0.295373 0.772408 
0.34 0.234343 0.250024 0.772408 
0.32 0.261595 0.250565 0.824513 
0.4 0.356806 0.204658 0.861263 
0.2 0.141937 0.342118 0.825284 
0.16 0.11644 0.357999 0.825284 
0.22 0.146914 0.330541 0.824513 
0.22 0.145729 0.326218 0.825284 
0.28 0.17853 0.288112 0.772408 
0.38 0.330758 0.220474 0.700191 
0.32 0.211688 0.256807 0.861263 
0.24 0.14302 0.319752 0.824513 
0.22 0.155278 0.316814 0.772408 
0.24 0.155908 0.315454 0.824513 
0.32 0.314862 0.261169 0.66875 
0.24 0.15907 0.300914 0.772408 
0.24 0.149501 0.295751 0.861263 
0.2 0.131781 0.345287 0.820023 
0.24 0.14771 0.323288 0.824513 
0.18 0.117236 0.347776 0.825284 
0.24 0.149501 0.299762 0.824513 
0.2 0.137299 0.316123 0.900236 
0.2 0.131013 0.353657 0.825284 
0.2 0.134253 0.334242 0.824513 
0.22 0.148497 0.315785 0.862805 
0.2 0.156963 0.341234 0.93846 
0.18 0.129068 0.345004 0.851402 
0.2 0.118954 0.352181 0.93846 
0.24 0.13884 0.331518 0.900236 
0.24 0.138632 0.326023 0.851402 
0.22 0.133656 0.327928 0.882777 
0.16 0.11644 0.354229 0.93846 
0.26 0.210425 0.305112 0.825284 
0.2 0.1585 0.336538 0.820023 
0.22 0.166633 0.311274 0.772408 
0.16 0.11644 0.357999 0.825284 
0.42 0.381891 0.20746 0.66875 
0.26 0.180345 0.284616 0.772408 
0.36 0.365652 0.223027 0.700191 
0.34 0.357704 0.234627 0.872252 
0.24 0.188705 0.324408 0.825284 
0.34 0.32306 0.276398 0.68575 
0.18 0.159681 0.346842 0.825284 
0.26 0.190029 0.302099 0.817822 
0.24 0.170425 0.295373 0.772408 
0.28 0.182798 0.280156 0.772408 
0.24 0.158639 0.289384 0.861263 
0.26 0.21024 0.307492 0.743553 
0.24 0.165198 0.307877 0.772408 
0.18 0.117236 0.347776 0.825284 
0.18 0.117236 0.350746 0.825284 
0.24 0.170425 0.295373 0.772408 
0.2 0.137299 0.31481 0.93846 
0.16 0.11644 0.357999 0.825284 
0.2 0.141937 0.342118 0.825284 
0.18 0.132813 0.343467 0.824513 
0.2 0.144705 0.33016 0.851402 
0.22 0.144317 0.306513 0.861263 
0.22 0.146914 0.330541 0.824513 
0.18 0.129068 0.345004 0.851402 
0.18 0.159681 0.346114 0.825284 
0.24 0.187756 0.309847 0.861263 
0.18 0.129068 0.348026 0.851402 
0.2 0.13261 0.345531 0.93846 
0.18 0.113978 0.355698 0.93846 
0.22 0.134841 0.337255 0.851402 
0.16 0.113181 0.366676 0.904839 
0.2 0.13261 0.337744 0.93846 
0.22 0.189256 0.327918 0.825284 
0.22 0.175378 0.334145 0.824513 
0.26 0.23756 0.279357 0.824513 
0.22 0.163657 0.322822 0.825284 
0.26 0.246842 0.287346 0.743553 
0.26 0.200273 0.281627 0.831648 
0.26 0.216206 0.277777 0.93846 
0.24 0.181521 0.30559 0.772408 
0.28 0.228288 0.28788 0.772408 
0.18 0.139729 0.336441 0.851402 
0.22 0.163657 0.322822 0.825284 
0.2 0.187682 0.312826 0.851402 
0.22 0.224969 0.303131 0.861263 
0.18 0.132813 0.343467 0.824513 
0.28 0.179114 0.305462 0.772408 
0.22 0.155278 0.316814 0.772408 
0.16 0.127629 0.354228 0.851402 
0.22 0.18278 0.313364 0.861263 
0.24 0.17161 0.307756 0.772408 
0.22 0.148497 0.315785 0.862805 
0.2 0.140525 0.326424 0.851402 
0.16 0.11644 0.357251 0.93846 
0.16 0.127629 0.354228 0.851402 
0.18 0.129068 0.348026 0.851402 
0.16 0.113181 0.362952 0.93846 
0.16 0.111751 0.37365 0.904839 
0.16 0.107571 0.374337 0.904839 
0.16 0.113181 0.362952 0.93846 
0.24 0.170165 0.313755 0.772408 
0.26 0.202046 0.299104 0.772408 
0.24 0.1927 0.316903 0.824513 
0.16 0.139683 0.363321 0.904839 
0.16 0.160889 0.362124 0.904839 
0.16 0.127629 0.354228 0.851402 
0.32 0.308719 0.265449 0.66875 
0.3 0.319685 0.28257 0.68125 
0.2 0.192334 0.320467 0.851402 
0.18 0.182669 0.346543 0.904839 
0.18 0.139729 0.330276 0.862805 
0.2 0.141937 0.334702 0.824513 
0.18 0.13286 0.353089 0.851402 
0.16 0.127629 0.354228 0.851402 
0.2 0.14352 0.319303 0.862805 
0.16 0.127629 0.356853 0.851402 
0.2 0.134045 0.340498 0.861263 
0.16 0.11644 0.354229 0.93846 
0.18 0.129068 0.345004 0.851402 
0.2 0.134253 0.344583 0.900236 
0.2 0.13261 0.345531 0.93846 
0.2 0.170402 0.341941 0.824513 
0.18 0.141706 0.352526 0.851402 
0.2 0.14946 0.332802 0.851402 
0.16 0.127629 0.354228 0.851402 
0.16 0.128494 0.360385 0.93846 
0.24 0.158769 0.317722 0.772408 
0.18 0.144951 0.339611 0.851402 
0.2 0.186636 0.331873 0.851402 
0.22 0.224969 0.303131 0.861263 
0.16 0.131341 0.357298 0.851402 
0.18 0.133026 0.346462 0.851402 
0.18 0.166828 0.341925 0.93846 
0.18 0.132605 0.355873 0.851402 
0.16 0.107571 0.374337 0.904839 
0.2 0.118954 0.364403 0.904839 
0.32 0.270853 0.278558 0.772408 
0.32 0.308719 0.265449 0.66875 
0.18 0.139729 0.333677 0.851402 
0.16 0.11644 0.354229 0.93846 
0.16 0.127629 0.354228 0.851402 
0.18 0.148409 0.342366 0.851402 
0.24 0.188214 0.302622 0.851402 
0.16 0.11644 0.357999 0.825284 
0.2 0.171804 0.338408 0.93846 
0.22 0.148497 0.322818 0.862805 
0.18 0.139729 0.333677 0.851402 
0.18 0.13142 0.343255 0.851402 
0.18 0.13816 0.348369 0.93846 
0.2 0.177021 0.333136 0.851402 
0.18 0.124638 0.346996 0.93846 
0.2 0.125208 0.351476 0.896643 
0.18 0.139729 0.333677 0.851402 
0.16 0.123842 0.351625 0.93846 
0.2 0.164402 0.333225 0.93846 
0.16 0.139683 0.363321 0.904839 
0.4 0.401514 0.233369 0.68125 
0.42 0.408851 0.223184 0.68575 

