0.38 0.364907 0.256562 0.68125 
0.36 0.380664 0.236492 0.68125 
0.44 0.422646 0.210635 0.757185 
0.5 0.457984 0.192338 0.66875 
0.48 0.454253 0.202002 0.68575 
0.48 0.475459 0.200804 0.68575 
0.48 0.460701 0.190859 0.700191 
0.48 0.477783 0.203932 0.68575 
0.48 0.454253 0.19906 0.68575 
0.5 0.503414 0.196745 0.66875 
0.54 0.519907 0.18966 0.835783 
0.32 0.255563 0.298588 0.709001 
0.36 0.343331 0.238078 0.68125 
0.4 0.327689 0.24733 0.68575 
0.32 0.224122 0.258538 0.817822 
0.4 0.369115 0.228788 0.68575 
0.44 0.43064 0.210044 0.66875 
0.4 0.294447 0.21902 0.824513 
0.44 0.396093 0.201548 0.66875 
0.46 0.408217 0.205163 0.66875 
0.46 0.374309 0.203831 0.835783 
0.26 0.151501 0.312315 0.824513 
0.28 0.210471 0.293585 0.772408 
0.3 0.22664 0.26903 0.743553 
0.34 0.238921 0.245521 0.743553 
0.42 0.285573 0.224473 0.752125 
0.4 0.334637 0.21884 0.700191 
0.44 0.408629 0.206237 0.66875 
0.38 0.320361 0.217246 0.709001 
0.44 0.374721 0.203562 0.835783 
0.22 0.124652 0.334748 0.824513 
0.28 0.157908 0.292174 0.824513 
0.42 0.337077 0.215336 0.66875 
0.34 0.187682 0.264587 0.772408 
0.36 0.188691 0.250563 0.824513 
0.4 0.3321 0.220914 0.66875 
0.34 0.217142 0.25059 0.772408 
0.36 0.188691 0.250563 0.824513 
0.26 0.22427 0.29301 0.743553 
0.22 0.137401 0.320313 0.824513 
0.24 0.15907 0.300914 0.772408 
0.28 0.188927 0.277422 0.772408 
0.3 0.179299 0.270978 0.851172 
0.3 0.178914 0.279858 0.772408 
0.38 0.200097 0.244745 0.861263 
0.2 0.13361 0.336213 0.824513 
0.4 0.310395 0.237405 0.670658 
0.28 0.163916 0.296799 0.772408 
0.26 0.14515 0.301322 0.824513 
0.32 0.170281 0.273227 0.824513 
0.32 0.176771 0.267631 0.861263 
0.24 0.156621 0.313709 0.772408 
0.24 0.182169 0.325064 0.824513 
0.22 0.135049 0.326989 0.824513 
0.28 0.146256 0.303908 0.824513 
0.22 0.127434 0.319586 0.900236 
0.2 0.13361 0.336213 0.824513 
0.24 0.14771 0.323288 0.824513 
0.2 0.136605 0.327567 0.824513 
0.22 0.12237 0.332945 0.93846 
0.2 0.133401 0.346479 0.851402 
0.24 0.136392 0.323884 0.824513 
0.26 0.138378 0.314258 0.93846 
0.2 0.118954 0.355203 0.93846 
0.16 0.111751 0.367728 0.93846 
0.18 0.117236 0.349601 0.93846 
0.24 0.168633 0.311245 0.820023 
0.22 0.153672 0.311496 0.820023 
0.38 0.42122 0.263307 0.681392 
0.4 0.433778 0.225496 0.68575 
0.44 0.418674 0.211922 0.68125 
0.42 0.385654 0.217801 0.757185 
0.46 0.496003 0.197276 0.68575 
0.48 0.506006 0.187058 0.66875 
0.48 0.439495 0.190936 0.66875 
0.5 0.50415 0.187177 0.858793 
0.24 0.165462 0.334121 0.824513 
0.26 0.180359 0.286827 0.772408 
0.3 0.197685 0.270743 0.772408 
0.4 0.350492 0.229506 0.68575 
0.42 0.361782 0.204615 0.700191 
0.34 0.27488 0.242277 0.772408 
0.42 0.361782 0.206437 0.66875 
0.44 0.403662 0.201135 0.66875 
0.4 0.33985 0.208365 0.861263 
0.18 0.132605 0.353733 0.851402 
0.26 0.21024 0.306765 0.743553 
0.28 0.157908 0.292174 0.824513 
0.32 0.180942 0.2619 0.824513 
0.28 0.177706 0.27448 0.824513 
0.34 0.210957 0.247663 0.824513 
0.28 0.188927 0.278416 0.772408 
0.36 0.255929 0.237061 0.861263 
0.26 0.15258 0.321391 0.851402 
0.22 0.148154 0.326193 0.820023 
0.36 0.286911 0.242107 0.709001 
0.2 0.136605 0.327567 0.824513 
0.3 0.21161 0.27543 0.824513 
0.28 0.176081 0.293257 0.824513 
0.3 0.175785 0.269075 0.824513 
0.22 0.140206 0.345264 0.851402 
0.28 0.163078 0.295695 0.824513 
0.3 0.282102 0.274769 0.709001 
0.28 0.168568 0.280847 0.824513 
0.3 0.178502 0.267226 0.824513 
0.26 0.149372 0.290862 0.900236 
0.24 0.160255 0.313297 0.772408 
0.2 0.13361 0.336213 0.824513 
0.26 0.143817 0.307313 0.824513 
0.28 0.153941 0.301423 0.824513 
0.26 0.191756 0.286703 0.861263 
0.2 0.122926 0.345298 0.825284 
0.22 0.140062 0.342462 0.851402 
0.2 0.13361 0.336213 0.824513 
0.18 0.120231 0.342054 0.900236 
0.22 0.144451 0.333307 0.824513 
0.16 0.111751 0.367728 0.93846 
0.18 0.117236 0.346976 0.93846 
0.18 0.127638 0.350463 0.858846 
0.18 0.117236 0.346976 0.93846 
0.16 0.111751 0.367728 0.93846 
0.3 0.232987 0.291539 0.752125 
0.24 0.168633 0.320229 0.820023 
0.36 0.392635 0.254796 0.68125 
0.38 0.401958 0.241453 0.68575 
0.4 0.3741 0.222828 0.68575 
0.4 0.359343 0.211763 0.66875 
0.38 0.354366 0.216408 0.700191 
0.44 0.47127 0.194519 0.66875 
0.46 0.459359 0.189091 0.861263 
0.26 0.161069 0.305812 0.820023 
0.24 0.163981 0.312985 0.824513 
0.3 0.319685 0.28257 0.68125 
0.34 0.33341 0.252635 0.68125 
0.36 0.286448 0.240145 0.743553 
0.42 0.363115 0.208734 0.66875 
0.38 0.265233 0.230856 0.757185 
0.4 0.356806 0.20621 0.861263 
0.26 0.18153 0.296998 0.772408 
0.26 0.212915 0.29855 0.743553 
0.3 0.270746 0.276953 0.711389 
0.22 0.153672 0.301026 0.824513 
0.28 0.177706 0.27448 0.824513 
0.24 0.162254 0.301487 0.824513 
0.26 0.158084 0.288558 0.861263 
0.2 0.13361 0.336213 0.824513 
0.18 0.132813 0.343467 0.824513 
0.24 0.160255 0.313297 0.772408 
0.22 0.137401 0.320313 0.824513 
0.24 0.15907 0.300914 0.772408 
0.2 0.137299 0.311789 0.93846 
0.22 0.137632 0.347004 0.861263 
0.22 0.155278 0.316814 0.772408 
0.2 0.16368 0.344519 0.851402 
0.2 0.144914 0.324432 0.824513 
0.2 0.137299 0.316715 0.93846 
0.22 0.146914 0.330541 0.824513 
0.2 0.149339 0.329753 0.876444 
0.18 0.147006 0.36225 0.93846 
0.18 0.133508 0.330923 0.93846 
0.18 0.128425 0.346975 0.851402 
0.2 0.129865 0.33775 0.851402 
0.18 0.121417 0.357042 0.93846 
0.18 0.121417 0.354417 0.93846 
0.2 0.13261 0.340369 0.93846 
0.16 0.111751 0.367728 0.93846 
0.24 0.168633 0.311245 0.820023 
0.24 0.168633 0.311245 0.820023 
0.22 0.166633 0.311274 0.772408 
0.22 0.170193 0.319823 0.820023 
0.34 0.334512 0.241202 0.700191 
0.3 0.213448 0.264193 0.824513 
0.36 0.349182 0.225843 0.722676 
0.4 0.418549 0.202816 0.861263 
0.18 0.132813 0.343467 0.824513 
0.2 0.149881 0.316926 0.824513 
0.26 0.212915 0.29855 0.743553 
0.24 0.168633 0.311245 0.820023 
0.2 0.136605 0.327567 0.824513 
0.22 0.153672 0.30868 0.824513 
0.24 0.158639 0.289384 0.861263 
0.26 0.20212 0.315542 0.743553 
0.2 0.144705 0.333182 0.851402 
0.24 0.150705 0.319568 0.824513 
0.24 0.161842 0.315619 0.772408 
0.24 0.150705 0.317663 0.851172 
0.24 0.155894 0.29482 0.861263 
0.18 0.132813 0.343467 0.824513 
0.22 0.166633 0.311274 0.772408 
0.26 0.158102 0.299855 0.824513 
0.18 0.139729 0.335193 0.851402 
0.2 0.137299 0.31542 0.93846 
0.24 0.173198 0.310078 0.772408 
0.18 0.121417 0.360214 0.824513 
0.18 0.121417 0.350059 0.824513 
0.18 0.133508 0.333945 0.93846 
0.18 0.121671 0.356388 0.824513 
0.16 0.127629 0.354228 0.851402 
0.2 0.14352 0.326335 0.862805 
0.18 0.129068 0.349907 0.851402 
0.2 0.138678 0.343492 0.876444 
0.16 0.111751 0.371708 0.904839 
0.26 0.268048 0.286149 0.743553 
0.22 0.155278 0.316814 0.772408 
0.22 0.153672 0.305953 0.824513 
0.3 0.270922 0.278962 0.711389 
0.26 0.203888 0.314751 0.820023 
0.32 0.308464 0.249849 0.711389 
0.24 0.185067 0.288143 0.93846 
0.28 0.205485 0.293237 0.743553 
0.3 0.210503 0.288668 0.743553 
0.22 0.166633 0.311274 0.772408 
0.24 0.163981 0.304001 0.824513 
0.18 0.139729 0.333677 0.851402 
0.2 0.137299 0.31481 0.93846 
0.22 0.154315 0.325592 0.876444 
0.16 0.127629 0.354228 0.851402 
0.16 0.127629 0.354228 0.851402 
0.22 0.155278 0.316814 0.772408 
0.18 0.117236 0.346976 0.93846 
0.16 0.127629 0.35725 0.851402 
0.18 0.132605 0.353733 0.851402 
0.2 0.144705 0.329901 0.851402 
0.16 0.11644 0.354229 0.93846 
0.18 0.129068 0.345004 0.851402 
0.18 0.129068 0.345004 0.851402 
0.18 0.117236 0.346976 0.93846 
0.16 0.113181 0.362952 0.93846 
0.16 0.113181 0.36736 0.904839 
0.16 0.113181 0.362952 0.93846 
0.26 0.221863 0.319323 0.820023 
0.18 0.132813 0.343467 0.824513 
0.22 0.166633 0.311274 0.772408 
0.2 0.179951 0.32221 0.851402 
0.18 0.144696 0.327688 0.851402 
0.2 0.186951 0.318639 0.851402 
0.22 0.146914 0.333563 0.851172 
0.16 0.127629 0.354228 0.851402 
0.2 0.148487 0.316714 0.851402 
0.18 0.139729 0.333677 0.851402 
0.18 0.139729 0.331792 0.862805 
0.32 0.303507 0.266709 0.66875 
0.18 0.128425 0.346975 0.851402 
0.18 0.144696 0.327688 0.851402 
0.18 0.133508 0.339907 0.93846 
0.16 0.127629 0.354228 0.851402 
0.18 0.13142 0.343255 0.851402 
0.18 0.120231 0.343256 0.93846 
0.16 0.113181 0.362952 0.93846 
0.18 0.139729 0.335803 0.862805 
0.18 0.133508 0.339907 0.93846 
0.26 0.227927 0.316256 0.735818 
0.24 0.207203 0.306298 0.772408 
0.16 0.127629 0.354228 0.851402 
0.18 0.144381 0.340921 0.851402 
0.16 0.135031 0.351624 0.904839 
0.18 0.128425 0.346975 0.851402 
0.16 0.135031 0.355256 0.904839 
0.18 0.139729 0.333677 0.851402 
0.2 0.181984 0.320618 0.861263 
0.16 0.131341 0.357298 0.851402 
0.16 0.135031 0.352234 0.904839 
0.18 0.133508 0.330923 0.93846 
0.16 0.127629 0.354228 0.851402 
0.16 0.11644 0.359876 0.93846 
0.2 0.121949 0.351086 0.93846 
0.3 0.326134 0.276948 0.66875 
0.18 0.139729 0.333677 0.851402 
0.18 0.139729 0.333677 0.851402 
0.2 0.173415 0.332477 0.93846 
0.16 0.131341 0.357298 0.851402 
0.16 0.127629 0.354228 0.851402 
0.18 0.117236 0.346976 0.93846 
0.16 0.127629 0.359875 0.851402 
0.18 0.128818 0.351739 0.93846 
0.16 0.11644 0.356854 0.93846 
0.16 0.135031 0.354249 0.904839 
0.16 0.127629 0.354228 0.851402 
0.16 0.123842 0.35425 0.93846 
0.18 0.132605 0.353733 0.851402 
0.16 0.123842 0.351625 0.93846 
0.16 0.11644 0.354229 0.93846 
0.18 0.192853 0.358569 0.904839 
0.2 0.159894 0.338894 0.93846 
0.18 0.121417 0.356359 0.93846 
0.16 0.123842 0.354647 0.93846 
0.42 0.444407 0.201736 0.66875 
0.44 0.47182 0.217923 0.752125 

