0.32 0.30627 0.273317 0.66875 
0.48 0.453628 0.215197 0.66875 
0.44 0.46683 0.222671 0.68125 
0.48 0.450689 0.194282 0.66875 
0.46 0.451813 0.208123 0.68575 
0.48 0.454253 0.202002 0.68575 
0.52 0.516593 0.192664 0.66875 
0.5 0.46352 0.193843 0.700191 
0.46 0.473019 0.203984 0.68575 
0.54 0.516986 0.177241 0.858793 
0.48 0.496646 0.189889 0.858793 
0.38 0.328106 0.254506 0.68575 
0.36 0.334276 0.25578 0.68575 
0.44 0.363125 0.203661 0.66875 
0.4 0.356806 0.212903 0.66875 
0.42 0.412091 0.228725 0.68575 
0.46 0.411068 0.197169 0.66875 
0.44 0.399046 0.209399 0.66875 
0.46 0.444162 0.205932 0.66875 
0.44 0.403662 0.202256 0.700191 
0.46 0.418405 0.200991 0.861263 
0.36 0.315038 0.258819 0.66875 
0.18 0.151695 0.352522 0.825284 
0.26 0.195334 0.290805 0.820023 
0.36 0.208601 0.252561 0.752125 
0.32 0.185455 0.265959 0.820023 
0.34 0.233246 0.248516 0.772408 
0.38 0.214739 0.238889 0.831648 
0.4 0.254633 0.226429 0.831648 
0.44 0.371327 0.21193 0.824513 
0.32 0.314862 0.261169 0.66875 
0.28 0.154274 0.292557 0.824513 
0.32 0.16169 0.283975 0.824513 
0.36 0.21373 0.256313 0.772408 
0.32 0.208295 0.260207 0.772408 
0.36 0.2123 0.243886 0.824513 
0.38 0.228673 0.235416 0.824513 
0.38 0.223706 0.242443 0.861263 
0.26 0.143817 0.314131 0.831648 
0.16 0.11644 0.357999 0.825284 
0.28 0.170189 0.303794 0.752125 
0.26 0.147946 0.301456 0.820023 
0.28 0.171443 0.281967 0.772408 
0.32 0.185242 0.271735 0.772408 
0.36 0.200088 0.245948 0.831648 
0.26 0.182965 0.31781 0.824513 
0.22 0.153834 0.338521 0.825284 
0.2 0.121028 0.331876 0.825284 
0.24 0.143807 0.305099 0.824513 
0.26 0.156908 0.285183 0.824513 
0.28 0.187196 0.284402 0.861263 
0.18 0.117236 0.349408 0.831648 
0.22 0.135049 0.328982 0.824513 
0.24 0.12481 0.320041 0.825284 
0.24 0.143807 0.305099 0.824513 
0.28 0.175063 0.291438 0.93846 
0.2 0.13361 0.336213 0.824513 
0.26 0.149038 0.31744 0.831648 
0.28 0.145159 0.309628 0.824513 
0.26 0.126527 0.323103 0.93846 
0.18 0.132813 0.343467 0.824513 
0.18 0.151695 0.352522 0.825284 
0.2 0.150797 0.34635 0.93846 
0.2 0.152492 0.345269 0.825284 
0.22 0.154209 0.346704 0.93846 
0.18 0.112547 0.360474 0.93846 
0.38 0.40605 0.272693 0.66875 
0.4 0.35026 0.234416 0.66875 
0.36 0.408906 0.252807 0.68125 
0.46 0.420859 0.206357 0.68575 
0.46 0.420859 0.203416 0.68575 
0.44 0.512117 0.203763 0.700191 
0.46 0.460039 0.190349 0.66875 
0.46 0.452911 0.205107 0.68575 
0.46 0.460039 0.193291 0.66875 
0.48 0.497743 0.190097 0.858793 
0.32 0.304511 0.274173 0.670658 
0.24 0.170425 0.295373 0.772408 
0.2 0.134304 0.324205 0.825284 
0.28 0.205268 0.277184 0.820023 
0.32 0.218766 0.255486 0.772408 
0.38 0.354366 0.215288 0.66875 
0.38 0.354158 0.221683 0.700191 
0.42 0.360685 0.209408 0.700191 
0.4 0.351941 0.217893 0.817822 
0.32 0.308719 0.265449 0.66875 
0.34 0.294498 0.276608 0.670658 
0.24 0.149501 0.306063 0.831648 
0.22 0.138095 0.308305 0.825284 
0.26 0.166046 0.285809 0.824513 
0.28 0.193871 0.283776 0.820023 
0.32 0.222636 0.251304 0.772408 
0.38 0.235102 0.230058 0.843973 
0.3 0.282102 0.273045 0.709001 
0.16 0.11644 0.355029 0.825284 
0.26 0.16949 0.31235 0.752125 
0.3 0.191251 0.275303 0.752125 
0.3 0.156787 0.27797 0.831648 
0.26 0.17273 0.27864 0.824513 
0.26 0.154436 0.283355 0.93846 
0.32 0.30627 0.273317 0.66875 
0.26 0.149038 0.31744 0.831648 
0.3 0.282102 0.273045 0.709001 
0.26 0.189723 0.288295 0.824513 
0.24 0.149501 0.299762 0.824513 
0.24 0.140535 0.295134 0.93846 
0.26 0.18153 0.29882 0.772408 
0.22 0.142733 0.329081 0.831648 
0.26 0.18178 0.306071 0.824513 
0.16 0.11644 0.355029 0.825284 
0.26 0.154477 0.297396 0.861263 
0.2 0.152492 0.346901 0.831648 
0.18 0.117236 0.347776 0.825284 
0.22 0.135049 0.326989 0.824513 
0.22 0.133656 0.320861 0.861263 
0.24 0.138632 0.326282 0.851402 
0.22 0.134841 0.333244 0.861263 
0.2 0.149233 0.351853 0.93846 
0.18 0.11419 0.370274 0.904839 
0.16 0.107571 0.373345 0.904839 
0.14 0.106775 0.378966 0.904839 
0.24 0.189839 0.310047 0.820023 
0.22 0.192121 0.319008 0.820023 
0.36 0.397116 0.252259 0.68575 
0.34 0.298729 0.241994 0.816218 
0.36 0.359458 0.240631 0.68125 
0.4 0.397135 0.214161 0.700191 
0.46 0.427988 0.19272 0.700191 
0.46 0.427988 0.189779 0.700191 
0.4 0.416989 0.217803 0.861263 
0.2 0.152492 0.343931 0.831648 
0.26 0.227256 0.316381 0.772408 
0.26 0.22427 0.29301 0.743553 
0.36 0.328318 0.227292 0.66875 
0.34 0.318176 0.24894 0.700191 
0.34 0.234343 0.244473 0.772408 
0.3 0.231316 0.264813 0.816218 
0.36 0.24911 0.232243 0.824513 
0.26 0.18583 0.318889 0.831648 
0.32 0.304511 0.274173 0.670658 
0.24 0.1927 0.316903 0.824513 
0.26 0.180345 0.286437 0.772408 
0.22 0.17186 0.322089 0.824513 
0.26 0.19751 0.288355 0.824513 
0.32 0.211688 0.257515 0.861263 
0.22 0.146914 0.330541 0.824513 
0.2 0.13779 0.34409 0.824513 
0.32 0.285893 0.262072 0.709001 
0.26 0.18178 0.307703 0.831648 
0.24 0.162796 0.292261 0.824513 
0.26 0.150469 0.285918 0.93846 
0.2 0.156695 0.349254 0.824513 
0.24 0.161842 0.316346 0.772408 
0.18 0.121671 0.35566 0.824513 
0.24 0.160255 0.314813 0.772408 
0.24 0.143071 0.307577 0.93846 
0.22 0.166633 0.311274 0.772408 
0.2 0.132823 0.339018 0.824513 
0.16 0.127629 0.354228 0.851402 
0.18 0.118158 0.368325 0.904839 
0.2 0.149233 0.350221 0.93846 
0.2 0.129865 0.340772 0.851402 
0.18 0.118158 0.367221 0.93846 
0.2 0.118954 0.357828 0.93846 
0.22 0.157204 0.348146 0.93846 
0.16 0.111751 0.371708 0.904839 
0.26 0.246842 0.287346 0.743553 
0.26 0.246842 0.287346 0.743553 
0.2 0.170402 0.338305 0.824513 
0.32 0.329619 0.265593 0.68125 
0.34 0.339382 0.247742 0.700191 
0.4 0.359343 0.216689 0.66875 
0.38 0.354366 0.213467 0.700191 
0.38 0.407101 0.226802 0.861263 
0.2 0.152492 0.351282 0.825284 
0.3 0.304928 0.278146 0.66875 
0.22 0.135827 0.336261 0.831648 
0.2 0.150135 0.326225 0.824513 
0.18 0.13816 0.338703 0.825284 
0.3 0.196588 0.263308 0.772408 
0.26 0.150469 0.285588 0.93846 
0.22 0.153015 0.334314 0.831648 
0.18 0.132813 0.343467 0.824513 
0.28 0.197287 0.300309 0.831648 
0.22 0.168865 0.330736 0.824513 
0.18 0.162884 0.348751 0.851402 
0.2 0.155487 0.332852 0.93846 
0.22 0.137836 0.333535 0.851402 
0.2 0.141937 0.334702 0.824513 
0.22 0.166633 0.311274 0.772408 
0.18 0.128425 0.348607 0.851402 
0.2 0.121028 0.334846 0.825284 
0.18 0.117236 0.350746 0.825284 
0.16 0.11644 0.355029 0.825284 
0.18 0.113978 0.355698 0.93846 
0.2 0.152492 0.345223 0.900236 
0.22 0.140062 0.337542 0.851402 
0.22 0.168656 0.341002 0.851402 
0.2 0.150876 0.349117 0.93846 
0.2 0.149233 0.350221 0.93846 
0.24 0.158 0.337363 0.93846 
0.24 0.158 0.337363 0.93846 
0.22 0.135827 0.336261 0.831648 
0.24 0.227376 0.331564 0.831648 
0.24 0.1927 0.316903 0.824513 
0.32 0.327476 0.27212 0.66875 
0.2 0.168763 0.325981 0.825284 
0.24 0.191631 0.294176 0.772408 
0.24 0.18871 0.294668 0.861263 
0.32 0.303507 0.266709 0.66875 
0.18 0.117236 0.349408 0.831648 
0.26 0.164777 0.307364 0.831648 
0.3 0.304673 0.267382 0.700191 
0.18 0.144951 0.336987 0.851402 
0.2 0.137299 0.328095 0.900236 
0.18 0.117236 0.347776 0.825284 
0.22 0.150932 0.318972 0.824513 
0.18 0.134035 0.349631 0.851402 
0.22 0.18696 0.321111 0.851402 
0.2 0.14352 0.321715 0.861263 
0.2 0.156695 0.349254 0.824513 
0.24 0.141548 0.340825 0.851402 
0.2 0.144705 0.331534 0.851402 
0.18 0.142826 0.366235 0.904839 
0.16 0.127629 0.355861 0.851402 
0.16 0.11644 0.357954 0.900236 
0.18 0.148437 0.361199 0.904839 
0.2 0.129865 0.33775 0.851402 
0.16 0.11644 0.354229 0.93846 
0.16 0.107571 0.371712 0.904839 
0.2 0.149881 0.316926 0.824513 
0.28 0.223863 0.29902 0.752125 
0.24 0.197098 0.314848 0.820023 
0.32 0.30627 0.273317 0.66875 
0.22 0.166633 0.311274 0.772408 
0.24 0.233468 0.307424 0.900236 
0.22 0.166633 0.311274 0.772408 
0.24 0.182169 0.325064 0.824513 
0.18 0.144696 0.327688 0.851402 
0.18 0.151695 0.352522 0.825284 
0.14 0.106775 0.378966 0.904839 
0.16 0.127629 0.354228 0.851402 
0.22 0.141794 0.331713 0.851402 
0.2 0.159894 0.345641 0.904839 
0.2 0.161537 0.340341 0.93846 
0.2 0.136396 0.34137 0.851402 
0.18 0.129068 0.345004 0.851402 
0.18 0.159097 0.349382 0.93846 
0.18 0.148437 0.357474 0.93846 
0.16 0.113181 0.370738 0.93846 
0.18 0.142826 0.367868 0.904839 
0.26 0.232353 0.312393 0.851172 
0.18 0.139729 0.336699 0.851402 
0.2 0.162889 0.341141 0.904839 
0.16 0.11644 0.364013 0.825284 
0.18 0.159097 0.346148 0.93846 
0.16 0.131341 0.357298 0.851402 
0.18 0.129068 0.346997 0.851402 
0.18 0.135827 0.349532 0.904839 
0.16 0.123842 0.35425 0.93846 
0.22 0.150473 0.34066 0.851402 
0.16 0.123842 0.35535 0.904839 
0.22 0.130869 0.324809 0.93846 
0.16 0.127629 0.356853 0.851402 
0.16 0.11644 0.360559 0.93846 
0.2 0.153413 0.366377 0.904839 
0.18 0.149348 0.343916 0.851402 
0.18 0.151695 0.351184 0.831648 
0.2 0.186914 0.346302 0.904839 
0.16 0.123842 0.351625 0.93846 
0.2 0.137095 0.351551 0.904839 
0.16 0.131341 0.357298 0.851402 
0.18 0.12093 0.362323 0.904839 
0.16 0.127629 0.354228 0.851402 
0.18 0.126282 0.354525 0.904839 
0.2 0.153413 0.359604 0.93846 
0.2 0.156186 0.353317 0.904839 
0.18 0.196144 0.352193 0.904839 
0.18 0.127633 0.348439 0.93846 
0.16 0.127629 0.354228 0.851402 
0.18 0.159097 0.346148 0.93846 
0.18 0.151695 0.348752 0.93846 
0.16 0.1497 0.361396 0.904839 
0.2 0.188747 0.349008 0.93846 
0.18 0.118158 0.365764 0.93846 
0.18 0.117236 0.348608 0.93846 
0.38 0.384076 0.246109 0.66875 
0.42 0.415091 0.214989 0.66875 

