0.36 0.393774 0.277427 0.68575 
0.44 0.403662 0.201135 0.66875 
0.46 0.474116 0.203909 0.68575 
0.48 0.48274 0.193309 0.66875 
0.48 0.472575 0.198614 0.66875 
0.48 0.507205 0.206078 0.68575 
0.5 0.539512 0.184742 0.700191 
0.5 0.453128 0.188438 0.66875 
0.48 0.439495 0.192057 0.700191 
0.54 0.493892 0.181492 0.861263 
0.52 0.511695 0.182617 0.861263 
0.3 0.176206 0.282977 0.820023 
0.3 0.210823 0.271804 0.772408 
0.4 0.338253 0.231907 0.66875 
0.44 0.395204 0.230055 0.69307 
0.4 0.355709 0.212183 0.66875 
0.4 0.294447 0.21902 0.824513 
0.42 0.360685 0.211599 0.66875 
0.48 0.391769 0.198222 0.824513 
0.48 0.499553 0.203886 0.66875 
0.48 0.444361 0.183294 0.858793 
0.26 0.151501 0.307388 0.824513 
0.3 0.192718 0.265669 0.772408 
0.3 0.205828 0.280039 0.772408 
0.28 0.166842 0.274826 0.824513 
0.32 0.236482 0.250847 0.743553 
0.34 0.242393 0.268212 0.82225 
0.44 0.408629 0.206237 0.66875 
0.4 0.268566 0.221352 0.824513 
0.44 0.368055 0.207628 0.858793 
0.34 0.310061 0.262344 0.66875 
0.28 0.228062 0.27711 0.743553 
0.26 0.156908 0.285183 0.824513 
0.24 0.146677 0.301112 0.825284 
0.28 0.178924 0.276536 0.772408 
0.34 0.186252 0.258911 0.851172 
0.4 0.226145 0.235002 0.831648 
0.38 0.227321 0.241843 0.824513 
0.32 0.30627 0.273317 0.66875 
0.22 0.155278 0.316814 0.772408 
0.3 0.179183 0.283646 0.772408 
0.26 0.16899 0.291977 0.772408 
0.3 0.160347 0.283584 0.824513 
0.36 0.18452 0.261427 0.824513 
0.38 0.223706 0.241089 0.861263 
0.24 0.14771 0.32492 0.831648 
0.26 0.175401 0.291856 0.772408 
0.28 0.157908 0.292174 0.824513 
0.28 0.158718 0.295729 0.824513 
0.36 0.190686 0.268317 0.824513 
0.32 0.173244 0.270891 0.861263 
0.18 0.117236 0.350746 0.825284 
0.22 0.145729 0.323729 0.824513 
0.28 0.145159 0.311026 0.831648 
0.28 0.156181 0.286482 0.831648 
0.34 0.192788 0.276361 0.861263 
0.22 0.13884 0.335074 0.824513 
0.22 0.155278 0.316814 0.772408 
0.2 0.136605 0.329199 0.831648 
0.26 0.143817 0.306583 0.861263 
0.26 0.141368 0.321883 0.824513 
0.16 0.113181 0.362952 0.93846 
0.22 0.120208 0.335466 0.904839 
0.2 0.118954 0.352181 0.93846 
0.14 0.106775 0.378966 0.904839 
0.18 0.112547 0.363099 0.93846 
0.3 0.237125 0.30933 0.711389 
0.28 0.202893 0.280313 0.772408 
0.38 0.354366 0.218229 0.66875 
0.4 0.4121 0.215889 0.68575 
0.42 0.417077 0.215305 0.68575 
0.46 0.471353 0.196807 0.700191 
0.46 0.494771 0.201043 0.700191 
0.46 0.438153 0.195162 0.700191 
0.46 0.463229 0.200679 0.66875 
0.46 0.463627 0.200698 0.861263 
0.16 0.11644 0.364013 0.825284 
0.24 0.170425 0.295373 0.772408 
0.38 0.329379 0.256383 0.68125 
0.36 0.338387 0.249425 0.68125 
0.42 0.358148 0.207187 0.66875 
0.4 0.357991 0.218705 0.700191 
0.46 0.411068 0.197169 0.66875 
0.44 0.35126 0.198828 0.824513 
0.42 0.422854 0.20593 0.861263 
0.22 0.166633 0.311274 0.772408 
0.32 0.247906 0.271851 0.743553 
0.22 0.188478 0.305969 0.851402 
0.32 0.173137 0.267282 0.831648 
0.3 0.168268 0.273865 0.831648 
0.34 0.260729 0.245639 0.816218 
0.28 0.190279 0.270995 0.772408 
0.38 0.235102 0.230058 0.843973 
0.22 0.166633 0.311274 0.772408 
0.2 0.132823 0.339018 0.824513 
0.34 0.310061 0.264068 0.66875 
0.24 0.15907 0.300914 0.772408 
0.24 0.140535 0.300248 0.825284 
0.3 0.170818 0.274076 0.861263 
0.3 0.171795 0.268456 0.861263 
0.18 0.132813 0.343467 0.824513 
0.22 0.141835 0.331355 0.824513 
0.3 0.21622 0.284338 0.772408 
0.26 0.163592 0.285007 0.824513 
0.24 0.15907 0.300914 0.772408 
0.3 0.158204 0.27593 0.93846 
0.26 0.161597 0.311708 0.772408 
0.22 0.146914 0.330541 0.824513 
0.18 0.120231 0.344056 0.825284 
0.2 0.121028 0.331876 0.825284 
0.28 0.156917 0.287129 0.861263 
0.18 0.13142 0.346277 0.851402 
0.2 0.129865 0.340772 0.851402 
0.22 0.140271 0.330298 0.824513 
0.2 0.117769 0.343523 0.904839 
0.16 0.111751 0.367728 0.93846 
0.2 0.128434 0.342526 0.851402 
0.16 0.107571 0.371712 0.904839 
0.2 0.128434 0.342526 0.851402 
0.22 0.135595 0.339667 0.900236 
0.22 0.135595 0.343419 0.900236 
0.22 0.158968 0.33668 0.876444 
0.32 0.324661 0.281021 0.68575 
0.34 0.318384 0.242545 0.66875 
0.3 0.192718 0.265669 0.772408 
0.3 0.199426 0.262838 0.817822 
0.42 0.424206 0.205631 0.66875 
0.38 0.354366 0.213467 0.700191 
0.42 0.424206 0.206751 0.700191 
0.42 0.424206 0.20482 0.861263 
0.26 0.22427 0.29301 0.743553 
0.24 0.163981 0.304001 0.824513 
0.24 0.167976 0.308169 0.772408 
0.26 0.198533 0.283336 0.831648 
0.32 0.194061 0.262564 0.772408 
0.38 0.27794 0.232838 0.772408 
0.38 0.278662 0.233328 0.772408 
0.34 0.296535 0.231529 0.861263 
0.22 0.155278 0.316814 0.772408 
0.24 0.157278 0.316785 0.820023 
0.22 0.188478 0.305969 0.851402 
0.22 0.145729 0.326218 0.825284 
0.24 0.163606 0.287405 0.824513 
0.38 0.296753 0.225978 0.709001 
0.24 0.188867 0.286328 0.93846 
0.3 0.147599 0.299993 0.831648 
0.2 0.134253 0.334242 0.824513 
0.2 0.149881 0.316926 0.824513 
0.32 0.308719 0.265449 0.66875 
0.24 0.15907 0.300914 0.772408 
0.24 0.149501 0.295751 0.861263 
0.2 0.125208 0.336115 0.824513 
0.2 0.164717 0.342742 0.824513 
0.24 0.170425 0.3003 0.772408 
0.16 0.123842 0.351625 0.93846 
0.2 0.14352 0.314376 0.862805 
0.3 0.189385 0.291902 0.772408 
0.26 0.144363 0.316389 0.824513 
0.18 0.129068 0.345004 0.851402 
0.22 0.135387 0.33657 0.861263 
0.2 0.129865 0.33775 0.851402 
0.18 0.148437 0.357474 0.93846 
0.16 0.11644 0.354229 0.93846 
0.16 0.111751 0.367728 0.93846 
0.16 0.113181 0.365577 0.93846 
0.16 0.111751 0.367728 0.93846 
0.34 0.310061 0.264068 0.66875 
0.16 0.11644 0.357999 0.825284 
0.22 0.187839 0.310076 0.772408 
0.32 0.309672 0.264279 0.743553 
0.32 0.308464 0.253205 0.700191 
0.24 0.214586 0.287797 0.817822 
0.42 0.358148 0.20891 0.66875 
0.4 0.375869 0.207611 0.861263 
0.24 0.176554 0.30262 0.772408 
0.24 0.181521 0.307106 0.772408 
0.22 0.153357 0.320561 0.831648 
0.2 0.187682 0.313223 0.851402 
0.22 0.192867 0.299439 0.824513 
0.2 0.137299 0.323213 0.825284 
0.24 0.158639 0.289384 0.861263 
0.3 0.282102 0.274769 0.709001 
0.24 0.173198 0.310805 0.772408 
0.22 0.146914 0.330541 0.824513 
0.32 0.308719 0.265449 0.66875 
0.18 0.120231 0.339129 0.825284 
0.2 0.14352 0.317398 0.862805 
0.16 0.11644 0.357999 0.825284 
0.22 0.139229 0.332099 0.831648 
0.22 0.136484 0.328642 0.861263 
0.22 0.18147 0.306032 0.824513 
0.2 0.137299 0.314413 0.93846 
0.22 0.166633 0.311274 0.772408 
0.22 0.139553 0.332595 0.820023 
0.16 0.123842 0.356005 0.904839 
0.26 0.163601 0.306046 0.93846 
0.28 0.176327 0.311652 0.882777 
0.18 0.129068 0.345004 0.851402 
0.16 0.113181 0.362952 0.93846 
0.16 0.113181 0.362952 0.93846 
0.14 0.106775 0.378966 0.904839 
0.18 0.127846 0.348866 0.900236 
0.26 0.217137 0.297552 0.772408 
0.22 0.187839 0.310076 0.772408 
0.32 0.329619 0.265909 0.68125 
0.2 0.149881 0.316926 0.824513 
0.2 0.149881 0.318559 0.831648 
0.2 0.187682 0.310201 0.851402 
0.28 0.282671 0.263355 0.861263 
0.26 0.213091 0.298345 0.743553 
0.22 0.166633 0.311274 0.772408 
0.24 0.1927 0.316903 0.824513 
0.16 0.11644 0.355029 0.825284 
0.22 0.166633 0.311274 0.772408 
0.2 0.137299 0.315559 0.825284 
0.24 0.150705 0.319568 0.824513 
0.24 0.140275 0.324687 0.851402 
0.2 0.148742 0.327646 0.851402 
0.2 0.186951 0.330248 0.851402 
0.18 0.133508 0.331413 0.900236 
0.18 0.121671 0.356388 0.824513 
0.18 0.127638 0.34978 0.851402 
0.2 0.13286 0.334031 0.851402 
0.2 0.144914 0.330878 0.900236 
0.18 0.129068 0.348026 0.851402 
0.2 0.129865 0.33775 0.851402 
0.18 0.159426 0.336743 0.93846 
0.2 0.136396 0.342053 0.858846 
0.16 0.113181 0.362952 0.93846 
0.18 0.120231 0.343256 0.93846 
0.24 0.240125 0.325115 0.772408 
0.24 0.176568 0.3018 0.772408 
0.28 0.223321 0.284627 0.772408 
0.22 0.187839 0.310076 0.772408 
0.22 0.166633 0.311274 0.772408 
0.2 0.187682 0.310201 0.851402 
0.26 0.170189 0.303823 0.772408 
0.24 0.184631 0.312689 0.772408 
0.22 0.155278 0.31833 0.772408 
0.2 0.182715 0.319213 0.851402 
0.16 0.123842 0.351625 0.93846 
0.32 0.314862 0.265432 0.66875 
0.2 0.144705 0.331676 0.851402 
0.18 0.129068 0.345004 0.851402 
0.16 0.11644 0.357999 0.825284 
0.16 0.127629 0.356853 0.851402 
0.16 0.113181 0.362952 0.93846 
0.18 0.127633 0.343277 0.93846 
0.16 0.127629 0.356853 0.851402 
0.2 0.125208 0.345385 0.93846 
0.2 0.137299 0.320347 0.93846 
0.2 0.180979 0.337616 0.851402 
0.32 0.303076 0.263554 0.735818 
0.22 0.229622 0.314386 0.851402 
0.18 0.144381 0.340921 0.851402 
0.2 0.187682 0.313223 0.851402 
0.18 0.13142 0.344888 0.851402 
0.18 0.138248 0.352396 0.851402 
0.18 0.144381 0.342438 0.851402 
0.2 0.176012 0.324964 0.861263 
0.2 0.175582 0.346996 0.851402 
0.2 0.187682 0.310201 0.851402 
0.16 0.123842 0.35425 0.93846 
0.18 0.129068 0.350166 0.851402 
0.2 0.134045 0.339108 0.861263 
0.18 0.116973 0.351979 0.93846 
0.22 0.155278 0.316814 0.772408 
0.18 0.147802 0.352628 0.904839 
0.16 0.139683 0.363321 0.904839 
0.16 0.128494 0.363322 0.93846 
0.18 0.153487 0.353537 0.851402 
0.16 0.127629 0.356853 0.851402 
0.18 0.12093 0.356061 0.93846 
0.16 0.11644 0.357999 0.825284 
0.18 0.128818 0.357705 0.904839 
0.18 0.127846 0.352876 0.900236 
0.16 0.164601 0.36074 0.904839 
0.2 0.206735 0.33963 0.904839 
0.2 0.209434 0.330833 0.851402 
0.2 0.138003 0.344461 0.851402 
0.18 0.139729 0.33531 0.851402 
0.2 0.155487 0.337779 0.93846 
0.16 0.128328 0.367034 0.904839 
0.2 0.187682 0.310201 0.851402 
0.16 0.111751 0.374333 0.904839 
0.18 0.194103 0.351431 0.904839 
0.38 0.366337 0.233591 0.66875 
0.42 0.460424 0.21522 0.68125 

