0.46 0.438153 0.194041 0.66875 
0.44 0.421058 0.209853 0.66875 
0.46 0.460039 0.193291 0.66875 
0.52 0.491489 0.18596 0.66875 
0.52 0.509941 0.188036 0.66875 
0.52 0.509941 0.188036 0.66875 
0.5 0.484083 0.193145 0.66875 
0.5 0.473001 0.185679 0.700191 
0.52 0.515352 0.187955 0.858793 
0.54 0.562416 0.181647 0.858793 
0.52 0.51058 0.176936 0.858793 
0.36 0.316963 0.232832 0.66875 
0.36 0.338387 0.246168 0.68125 
0.44 0.351769 0.211814 0.66875 
0.44 0.362824 0.211995 0.681392 
0.46 0.432955 0.193477 0.66875 
0.44 0.425548 0.197443 0.66875 
0.48 0.461382 0.195551 0.66875 
0.44 0.374207 0.205523 0.66875 
0.5 0.453017 0.19046 0.66875 
0.5 0.450892 0.189625 0.858793 
0.26 0.1761 0.298983 0.817822 
0.26 0.22427 0.29301 0.743553 
0.28 0.176355 0.291377 0.820023 
0.32 0.184909 0.259667 0.824513 
0.3 0.231904 0.269382 0.772408 
0.34 0.200819 0.260714 0.772408 
0.38 0.289513 0.228062 0.752125 
0.36 0.2123 0.243886 0.824513 
0.48 0.364981 0.190794 0.858793 
0.26 0.190339 0.310478 0.743553 
0.36 0.328318 0.227574 0.66875 
0.34 0.206161 0.258165 0.752125 
0.26 0.169004 0.287293 0.772408 
0.3 0.159403 0.281834 0.824513 
0.38 0.200097 0.247767 0.861263 
0.36 0.2123 0.243886 0.824513 
0.36 0.197658 0.250071 0.861263 
0.22 0.166633 0.311274 0.772408 
0.26 0.151501 0.315337 0.851172 
0.28 0.154751 0.303496 0.851172 
0.28 0.153751 0.296714 0.851172 
0.32 0.182372 0.258501 0.824513 
0.32 0.177128 0.268319 0.851172 
0.38 0.214031 0.238536 0.843973 
0.18 0.117236 0.350746 0.825284 
0.28 0.17061 0.296929 0.772408 
0.24 0.13884 0.31083 0.824513 
0.24 0.128443 0.315878 0.824513 
0.32 0.185242 0.271735 0.772408 
0.3 0.168268 0.272855 0.824513 
0.22 0.123555 0.339028 0.824513 
0.28 0.151237 0.307827 0.824513 
0.22 0.126004 0.323935 0.824513 
0.28 0.163902 0.289061 0.772408 
0.3 0.15619 0.287636 0.861263 
0.26 0.204055 0.308349 0.772408 
0.2 0.122467 0.349134 0.824513 
0.18 0.117236 0.347776 0.825284 
0.24 0.128777 0.312084 0.93846 
0.22 0.132225 0.334575 0.851402 
0.18 0.113978 0.355698 0.93846 
0.14 0.106775 0.378966 0.904839 
0.18 0.117236 0.359385 0.825284 
0.2 0.11532 0.355646 0.904839 
0.18 0.112547 0.360474 0.93846 
0.34 0.316204 0.261005 0.66875 
0.26 0.167772 0.298571 0.820023 
0.42 0.445411 0.199351 0.66875 
0.38 0.354366 0.218229 0.66875 
0.42 0.398685 0.207602 0.66875 
0.42 0.445411 0.199633 0.66875 
0.48 0.462914 0.194889 0.66875 
0.48 0.4848 0.19148 0.66875 
0.48 0.521204 0.19087 0.66875 
0.5 0.532656 0.181052 0.858793 
0.22 0.166633 0.311274 0.772408 
0.26 0.167772 0.298571 0.820023 
0.3 0.195158 0.270793 0.817822 
0.38 0.330758 0.224019 0.66875 
0.38 0.354366 0.215288 0.66875 
0.42 0.360685 0.208658 0.66875 
0.42 0.400967 0.21015 0.66875 
0.44 0.404759 0.198397 0.66875 
0.42 0.382826 0.20218 0.861263 
0.18 0.121671 0.356388 0.824513 
0.22 0.144479 0.326985 0.820023 
0.24 0.15907 0.300914 0.772408 
0.28 0.186011 0.27895 0.772408 
0.32 0.236482 0.250847 0.743553 
0.3 0.184113 0.269736 0.820023 
0.4 0.240755 0.231425 0.861263 
0.34 0.217387 0.244697 0.861263 
0.22 0.144451 0.333307 0.824513 
0.18 0.117236 0.347776 0.825284 
0.22 0.145729 0.31994 0.825284 
0.24 0.128443 0.318848 0.824513 
0.28 0.170809 0.272592 0.824513 
0.36 0.220368 0.254905 0.824513 
0.32 0.177105 0.262788 0.861263 
0.22 0.166633 0.311274 0.772408 
0.24 0.142377 0.321723 0.824513 
0.16 0.11644 0.357999 0.825284 
0.24 0.143807 0.305099 0.824513 
0.26 0.142345 0.298071 0.824513 
0.3 0.175762 0.270846 0.851172 
0.24 0.150446 0.322211 0.772408 
0.28 0.173966 0.293387 0.772408 
0.32 0.208865 0.27774 0.772408 
0.22 0.126004 0.323935 0.824513 
0.22 0.129078 0.314525 0.93846 
0.22 0.162365 0.319229 0.772408 
0.3 0.161157 0.294244 0.824513 
0.2 0.11532 0.351921 0.93846 
0.28 0.151006 0.299105 0.861263 
0.16 0.127629 0.354228 0.851402 
0.2 0.11532 0.351921 0.93846 
0.16 0.11644 0.354229 0.93846 
0.2 0.118954 0.352181 0.93846 
0.2 0.128434 0.342268 0.851402 
0.14 0.106775 0.378966 0.904839 
0.36 0.336243 0.257621 0.66875 
0.24 0.19776 0.301139 0.772408 
0.36 0.349524 0.226377 0.66875 
0.36 0.328318 0.230233 0.66875 
0.38 0.354366 0.220498 0.66875 
0.38 0.354158 0.224624 0.700191 
0.4 0.355709 0.212183 0.66875 
0.4 0.410869 0.208711 0.816218 
0.44 0.498993 0.200133 0.858793 
0.26 0.201694 0.30421 0.743553 
0.24 0.176554 0.302337 0.772408 
0.26 0.172424 0.300272 0.820023 
0.28 0.19445 0.271925 0.817822 
0.26 0.167772 0.288101 0.824513 
0.4 0.355709 0.215124 0.66875 
0.28 0.225219 0.263303 0.817822 
0.38 0.235102 0.230058 0.843973 
0.22 0.166633 0.311274 0.772408 
0.26 0.198884 0.312306 0.743553 
0.26 0.22427 0.29301 0.743553 
0.26 0.200903 0.302371 0.824513 
0.36 0.328318 0.227574 0.66875 
0.24 0.146677 0.301112 0.825284 
0.28 0.195246 0.267085 0.816218 
0.22 0.145729 0.333851 0.825284 
0.18 0.132605 0.356358 0.851402 
0.26 0.178174 0.307288 0.772408 
0.2 0.121028 0.334846 0.825284 
0.26 0.16899 0.291977 0.772408 
0.24 0.148029 0.293936 0.93846 
0.26 0.149566 0.314257 0.851402 
0.2 0.122213 0.339835 0.824513 
0.28 0.196491 0.302189 0.772408 
0.28 0.181965 0.291388 0.772408 
0.3 0.197699 0.271719 0.93846 
0.2 0.122213 0.342805 0.824513 
0.26 0.158125 0.315155 0.824513 
0.18 0.129068 0.346262 0.851402 
0.28 0.151006 0.298397 0.861263 
0.2 0.135086 0.343354 0.851402 
0.2 0.122213 0.342805 0.824513 
0.22 0.122745 0.350408 0.904839 
0.16 0.127629 0.354228 0.851402 
0.18 0.127846 0.353559 0.900236 
0.14 0.106775 0.378966 0.904839 
0.24 0.176554 0.302337 0.772408 
0.24 0.181521 0.30559 0.772408 
0.32 0.312746 0.29383 0.711389 
0.22 0.166633 0.311274 0.772408 
0.36 0.349524 0.226377 0.66875 
0.4 0.380549 0.210565 0.66875 
0.36 0.328828 0.224771 0.817822 
0.34 0.302646 0.228526 0.817822 
0.22 0.155278 0.316814 0.772408 
0.18 0.117236 0.347776 0.825284 
0.26 0.201736 0.303886 0.743553 
0.32 0.303507 0.266709 0.66875 
0.22 0.153672 0.301026 0.824513 
0.26 0.176753 0.28808 0.824513 
0.26 0.19676 0.275716 0.861263 
0.26 0.190339 0.310478 0.743553 
0.22 0.146914 0.330541 0.824513 
0.32 0.303507 0.266709 0.66875 
0.24 0.176554 0.302337 0.772408 
0.22 0.145729 0.318802 0.824513 
0.2 0.14352 0.316788 0.861263 
0.2 0.15332 0.349334 0.824513 
0.18 0.129068 0.347767 0.851402 
0.22 0.13928 0.316265 0.824513 
0.16 0.11644 0.357999 0.825284 
0.22 0.144317 0.306513 0.861263 
0.24 0.164444 0.32938 0.824513 
0.16 0.116695 0.364328 0.825284 
0.16 0.113181 0.362952 0.93846 
0.2 0.125208 0.339739 0.93846 
0.18 0.140007 0.351738 0.904839 
0.2 0.134045 0.346648 0.851402 
0.16 0.113181 0.363635 0.93846 
0.2 0.134045 0.344508 0.851402 
0.16 0.113181 0.362952 0.93846 
0.18 0.112547 0.363772 0.904839 
0.2 0.175739 0.322973 0.820023 
0.3 0.319685 0.28257 0.68125 
0.2 0.175568 0.328061 0.825284 
0.18 0.149348 0.340578 0.851402 
0.24 0.176554 0.302337 0.772408 
0.26 0.206518 0.288492 0.772408 
0.28 0.243476 0.264095 0.861263 
0.26 0.180845 0.307092 0.752125 
0.32 0.303507 0.266709 0.66875 
0.2 0.159296 0.347348 0.825284 
0.24 0.176554 0.302337 0.772408 
0.2 0.14352 0.321715 0.861263 
0.2 0.137299 0.319443 0.93846 
0.24 0.150705 0.32259 0.851172 
0.24 0.138632 0.326282 0.851402 
0.2 0.134304 0.324205 0.825284 
0.16 0.127629 0.354228 0.851402 
0.16 0.11644 0.354229 0.93846 
0.32 0.303507 0.266709 0.66875 
0.2 0.122213 0.342805 0.824513 
0.16 0.113181 0.362952 0.93846 
0.16 0.123842 0.352235 0.93846 
0.18 0.127638 0.352802 0.851402 
0.16 0.127629 0.354228 0.851402 
0.22 0.134841 0.336996 0.851402 
0.22 0.134841 0.336996 0.851402 
0.18 0.113978 0.35872 0.93846 
0.14 0.106775 0.378966 0.904839 
0.18 0.133508 0.331459 0.825284 
0.2 0.154533 0.32417 0.820023 
0.28 0.244527 0.283429 0.772408 
0.28 0.268501 0.288482 0.752125 
0.18 0.149603 0.344231 0.851402 
0.2 0.155227 0.330677 0.93846 
0.2 0.122213 0.342805 0.824513 
0.18 0.121417 0.350059 0.824513 
0.2 0.141937 0.334702 0.824513 
0.2 0.192334 0.320467 0.851402 
0.18 0.124638 0.344372 0.93846 
0.18 0.117236 0.347776 0.825284 
0.2 0.134045 0.341486 0.851402 
0.18 0.134035 0.350623 0.851402 
0.18 0.124638 0.348096 0.904839 
0.18 0.132605 0.353336 0.851402 
0.16 0.11644 0.357999 0.825284 
0.2 0.129865 0.33775 0.851402 
0.18 0.116973 0.355001 0.93846 
0.18 0.121417 0.360309 0.896643 
0.16 0.113181 0.362952 0.93846 
0.26 0.180845 0.306809 0.752125 
0.18 0.174267 0.345787 0.851402 
0.22 0.187839 0.310076 0.772408 
0.18 0.133508 0.331459 0.825284 
0.2 0.186636 0.327862 0.861263 
0.2 0.141937 0.344824 0.825284 
0.2 0.145492 0.320434 0.851402 
0.16 0.127629 0.354228 0.851402 
0.22 0.18147 0.319926 0.93846 
0.18 0.129068 0.345004 0.851402 
0.18 0.128971 0.350451 0.851402 
0.18 0.139729 0.333419 0.851402 
0.16 0.11644 0.357999 0.825284 
0.18 0.121417 0.350712 0.93846 
0.18 0.116973 0.351979 0.93846 
0.22 0.189821 0.32203 0.851402 
0.18 0.144696 0.336672 0.851402 
0.16 0.135031 0.351624 0.904839 
0.16 0.128494 0.363322 0.93846 
0.16 0.13204 0.367478 0.904839 
0.18 0.124638 0.348142 0.904839 
0.2 0.186636 0.331614 0.851402 
0.18 0.13142 0.346277 0.851402 
0.24 0.190751 0.30988 0.851402 
0.16 0.113181 0.362952 0.93846 
0.18 0.183289 0.347874 0.904839 
0.18 0.140215 0.35685 0.904839 
0.16 0.128494 0.358869 0.93846 
0.18 0.122115 0.370092 0.904839 
0.18 0.132137 0.350044 0.851402 
0.18 0.129425 0.362243 0.904839 
0.16 0.11644 0.357999 0.825284 
0.2 0.143136 0.344852 0.93846 
0.14 0.106775 0.378966 0.904839 
0.16 0.1497 0.360694 0.93846 
0.38 0.333295 0.223766 0.66875 
0.48 0.510427 0.208157 0.66875 

