0.22 0.148344 0.326904 0.825284 
0.46 0.406101 0.195292 0.66875 
0.48 0.509339 0.20798 0.68575 
0.48 0.451786 0.194484 0.66875 
0.5 0.48905 0.195023 0.66875 
0.5 0.527175 0.188256 0.66875 
0.5 0.48905 0.195023 0.66875 
0.5 0.484083 0.193145 0.66875 
0.54 0.496868 0.181299 0.858793 
0.52 0.507728 0.182885 0.66875 
0.52 0.536558 0.186757 0.858793 
0.38 0.32967 0.242719 0.66875 
0.3 0.155283 0.299189 0.824513 
0.36 0.338387 0.247015 0.68125 
0.42 0.365652 0.213106 0.66875 
0.38 0.254554 0.23148 0.824513 
0.4 0.294447 0.21902 0.824513 
0.48 0.42459 0.196693 0.66875 
0.46 0.444162 0.205932 0.66875 
0.5 0.429969 0.189091 0.858793 
0.5 0.429969 0.189091 0.858793 
0.36 0.25329 0.277999 0.709001 
0.34 0.242004 0.256926 0.772408 
0.34 0.187349 0.254341 0.824513 
0.34 0.210434 0.257572 0.770481 
0.42 0.362801 0.215588 0.66875 
0.34 0.212175 0.255173 0.772408 
0.4 0.354149 0.227059 0.700191 
0.36 0.2123 0.243886 0.824513 
0.42 0.358148 0.204728 0.861263 
0.16 0.127629 0.35725 0.851402 
0.2 0.136605 0.332494 0.824513 
0.36 0.324694 0.243041 0.66875 
0.3 0.16649 0.28498 0.824513 
0.34 0.178757 0.265089 0.824513 
0.34 0.1849 0.262317 0.824513 
0.34 0.205786 0.256131 0.772408 
0.36 0.2123 0.243886 0.824513 
0.24 0.17161 0.307756 0.772408 
0.22 0.137401 0.320313 0.824513 
0.22 0.137401 0.320313 0.824513 
0.24 0.170425 0.295373 0.772408 
0.32 0.187673 0.263522 0.772408 
0.32 0.190209 0.265331 0.772408 
0.34 0.19133 0.263045 0.861263 
0.18 0.132813 0.343467 0.824513 
0.22 0.166633 0.311274 0.772408 
0.28 0.153941 0.298798 0.824513 
0.3 0.160347 0.286606 0.851172 
0.36 0.188691 0.250563 0.824513 
0.32 0.16318 0.275131 0.93846 
0.24 0.156621 0.313709 0.772408 
0.22 0.121018 0.335941 0.825284 
0.2 0.136605 0.327567 0.824513 
0.2 0.121028 0.331876 0.825284 
0.28 0.174744 0.292713 0.93846 
0.24 0.14771 0.323288 0.824513 
0.24 0.136392 0.323884 0.824513 
0.24 0.13884 0.311089 0.824513 
0.24 0.124087 0.3421 0.904839 
0.24 0.140025 0.324846 0.831648 
0.16 0.127629 0.354228 0.851402 
0.22 0.119111 0.344672 0.904839 
0.18 0.113978 0.369719 0.904839 
0.24 0.154491 0.326089 0.851402 
0.18 0.112547 0.363772 0.904839 
0.22 0.159005 0.315578 0.825284 
0.3 0.22789 0.266441 0.817822 
0.3 0.287096 0.268251 0.817822 
0.44 0.429835 0.201815 0.66875 
0.44 0.408629 0.205954 0.66875 
0.42 0.402319 0.20536 0.700191 
0.46 0.491573 0.20403 0.66875 
0.48 0.461382 0.193447 0.700191 
0.44 0.456919 0.201906 0.66875 
0.48 0.475732 0.186419 0.858793 
0.28 0.213813 0.303945 0.817822 
0.18 0.117236 0.347776 0.825284 
0.3 0.237996 0.263489 0.743553 
0.42 0.342044 0.217213 0.66875 
0.32 0.225474 0.250834 0.817822 
0.36 0.213397 0.242337 0.824513 
0.42 0.361782 0.206437 0.66875 
0.44 0.31326 0.203343 0.824513 
0.44 0.387802 0.205194 0.858793 
0.24 0.163301 0.318664 0.820023 
0.32 0.303507 0.266709 0.66875 
0.24 0.15907 0.300914 0.772408 
0.3 0.237982 0.266352 0.743553 
0.32 0.184104 0.272386 0.820023 
0.38 0.330758 0.221966 0.66875 
0.32 0.206777 0.25191 0.824513 
0.34 0.209605 0.255084 0.824513 
0.24 0.142377 0.321723 0.824513 
0.18 0.120486 0.352628 0.825284 
0.18 0.117236 0.347776 0.825284 
0.3 0.175966 0.271707 0.851172 
0.3 0.192718 0.26749 0.772408 
0.3 0.191621 0.26789 0.772408 
0.28 0.181701 0.274637 0.861263 
0.28 0.181965 0.296315 0.772408 
0.24 0.150705 0.319568 0.824513 
0.2 0.136605 0.327567 0.824513 
0.28 0.185321 0.282919 0.772408 
0.26 0.153741 0.291478 0.824513 
0.28 0.160778 0.279026 0.861263 
0.18 0.132813 0.343467 0.824513 
0.18 0.132813 0.343467 0.824513 
0.22 0.137401 0.32524 0.824513 
0.18 0.120231 0.342099 0.825284 
0.18 0.120231 0.339129 0.825284 
0.2 0.139475 0.337552 0.824513 
0.3 0.193903 0.27672 0.772408 
0.24 0.14771 0.323288 0.824513 
0.2 0.116417 0.347108 0.93846 
0.16 0.11644 0.355029 0.825284 
0.16 0.113181 0.36736 0.904839 
0.16 0.11644 0.354229 0.93846 
0.16 0.11644 0.357999 0.825284 
0.16 0.11644 0.354229 0.93846 
0.22 0.137836 0.33396 0.858846 
0.22 0.166633 0.311274 0.772408 
0.2 0.154533 0.32417 0.820023 
0.28 0.217956 0.280062 0.817822 
0.36 0.359593 0.247912 0.68125 
0.32 0.24668 0.249919 0.817822 
0.4 0.353038 0.212603 0.817822 
0.42 0.363115 0.211676 0.66875 
0.48 0.466349 0.189122 0.66875 
0.42 0.424206 0.199737 0.861263 
0.32 0.274714 0.267989 0.711389 
0.22 0.153672 0.314937 0.824513 
0.16 0.11644 0.357999 0.825284 
0.24 0.175392 0.294311 0.817822 
0.28 0.187765 0.270437 0.817822 
0.32 0.225474 0.250834 0.817822 
0.36 0.307622 0.225969 0.817822 
0.36 0.308344 0.230851 0.817822 
0.2 0.141937 0.338338 0.824513 
0.22 0.146914 0.330541 0.824513 
0.26 0.198894 0.29724 0.824513 
0.26 0.167772 0.293028 0.824513 
0.34 0.284379 0.246227 0.709001 
0.28 0.186654 0.276928 0.772408 
0.28 0.188927 0.276485 0.861263 
0.22 0.146914 0.330541 0.824513 
0.22 0.166633 0.311274 0.772408 
0.24 0.148256 0.326764 0.824513 
0.34 0.318653 0.250196 0.66875 
0.2 0.137299 0.315559 0.825284 
0.26 0.189663 0.279075 0.93846 
0.24 0.173198 0.310078 0.772408 
0.3 0.158898 0.299634 0.824513 
0.18 0.117236 0.350746 0.825284 
0.22 0.166633 0.311274 0.772408 
0.22 0.131614 0.320281 0.93846 
0.24 0.150705 0.319568 0.824513 
0.18 0.120231 0.344056 0.825284 
0.16 0.11644 0.357999 0.825284 
0.16 0.113181 0.362952 0.93846 
0.16 0.11644 0.368933 0.896643 
0.18 0.116973 0.356386 0.904839 
0.14 0.106775 0.378966 0.904839 
0.18 0.127638 0.350204 0.858846 
0.16 0.113181 0.36736 0.904839 
0.16 0.11644 0.354229 0.93846 
0.24 0.201301 0.30646 0.820023 
0.18 0.117236 0.347776 0.825284 
0.16 0.11644 0.355029 0.825284 
0.36 0.289355 0.247214 0.711389 
0.28 0.246305 0.281645 0.752125 
0.26 0.222646 0.276182 0.817822 
0.32 0.259854 0.249615 0.824513 
0.36 0.345622 0.222606 0.817822 
0.24 0.172961 0.31817 0.824513 
0.18 0.117236 0.35676 0.825284 
0.32 0.314862 0.261169 0.66875 
0.18 0.132813 0.343467 0.824513 
0.24 0.170425 0.295373 0.772408 
0.28 0.186654 0.281855 0.772408 
0.26 0.195001 0.274522 0.93846 
0.18 0.132813 0.343467 0.824513 
0.22 0.146914 0.330541 0.824513 
0.24 0.170165 0.313755 0.772408 
0.24 0.176554 0.302337 0.772408 
0.18 0.13142 0.346277 0.851402 
0.18 0.120231 0.342054 0.900236 
0.28 0.181965 0.295588 0.772408 
0.22 0.146914 0.330541 0.824513 
0.16 0.127629 0.354228 0.851402 
0.26 0.178174 0.306561 0.772408 
0.18 0.117236 0.346976 0.93846 
0.24 0.161842 0.318971 0.772408 
0.24 0.150705 0.32259 0.851172 
0.16 0.111751 0.371708 0.904839 
0.16 0.11644 0.357537 0.93846 
0.2 0.121949 0.358741 0.904839 
0.18 0.116973 0.36366 0.904839 
0.16 0.11644 0.354912 0.93846 
0.2 0.121949 0.355036 0.904839 
0.18 0.116973 0.352662 0.93846 
0.2 0.121949 0.352166 0.93846 
0.22 0.175378 0.334145 0.824513 
0.22 0.175378 0.334145 0.824513 
0.24 0.168633 0.311245 0.820023 
0.3 0.304928 0.278146 0.66875 
0.32 0.314593 0.267964 0.711389 
0.28 0.250633 0.271446 0.743553 
0.28 0.262289 0.270643 0.851402 
0.26 0.198884 0.313033 0.743553 
0.16 0.11644 0.357999 0.825284 
0.26 0.224525 0.30205 0.743553 
0.22 0.166633 0.311274 0.772408 
0.18 0.144696 0.327688 0.851402 
0.22 0.159019 0.312152 0.93846 
0.3 0.213586 0.295119 0.772408 
0.18 0.117236 0.347776 0.825284 
0.16 0.11644 0.355029 0.825284 
0.16 0.127629 0.354228 0.851402 
0.16 0.123842 0.351625 0.93846 
0.22 0.143058 0.336117 0.851402 
0.18 0.120231 0.358687 0.851172 
0.16 0.11644 0.357954 0.900236 
0.18 0.117783 0.350452 0.93846 
0.16 0.11644 0.357999 0.825284 
0.18 0.116973 0.351979 0.93846 
0.22 0.123291 0.344684 0.93846 
0.18 0.144381 0.340921 0.851402 
0.22 0.137836 0.333277 0.851402 
0.2 0.134045 0.347073 0.858846 
0.18 0.117236 0.347776 0.825284 
0.26 0.232816 0.316121 0.772408 
0.16 0.11644 0.355029 0.825284 
0.16 0.127629 0.354228 0.851402 
0.22 0.235565 0.320007 0.851402 
0.18 0.13816 0.338657 0.900236 
0.16 0.11644 0.355029 0.825284 
0.16 0.11644 0.357999 0.825284 
0.18 0.117236 0.347776 0.825284 
0.16 0.11644 0.357999 0.825284 
0.16 0.11644 0.354229 0.93846 
0.22 0.166633 0.313266 0.772408 
0.22 0.143058 0.336845 0.851402 
0.18 0.139729 0.336699 0.851402 
0.16 0.123842 0.351625 0.93846 
0.18 0.117236 0.350746 0.825284 
0.2 0.121949 0.358058 0.904839 
0.18 0.118158 0.369031 0.904839 
0.16 0.113181 0.362952 0.93846 
0.16 0.113181 0.365577 0.93846 
0.2 0.121949 0.348461 0.93846 
0.24 0.24075 0.308518 0.820023 
0.24 0.182178 0.31732 0.772408 
0.18 0.149603 0.344231 0.851402 
0.16 0.11644 0.355029 0.825284 
0.18 0.182669 0.344403 0.904839 
0.18 0.174327 0.342833 0.851402 
0.18 0.153487 0.354558 0.851402 
0.16 0.131341 0.357298 0.851402 
0.16 0.11644 0.357954 0.900236 
0.2 0.158463 0.351041 0.851402 
0.14 0.106775 0.378966 0.904839 
0.16 0.123842 0.351625 0.93846 
0.16 0.113181 0.376972 0.904839 
0.2 0.134045 0.34639 0.851402 
0.18 0.121417 0.354417 0.93846 
0.16 0.11644 0.357999 0.825284 
0.16 0.128494 0.362594 0.904839 
0.16 0.11644 0.364013 0.825284 
0.2 0.17454 0.342572 0.904839 
0.18 0.133304 0.366053 0.904839 
0.22 0.186497 0.314978 0.861263 
0.16 0.11644 0.354229 0.93846 
0.16 0.128494 0.362594 0.904839 
0.18 0.139729 0.334287 0.862805 
0.2 0.134045 0.34639 0.851402 
0.18 0.165587 0.339724 0.851402 
0.16 0.128494 0.362594 0.904839 
0.16 0.1497 0.357672 0.93846 
0.16 0.127629 0.354228 0.851402 
0.16 0.123842 0.351625 0.93846 
0.22 0.164925 0.347371 0.93846 
0.16 0.11644 0.357999 0.825284 
0.16 0.127629 0.354228 0.851402 
0.18 0.116973 0.351979 0.93846 
0.2 0.185414 0.321364 0.93846 
0.4 0.424252 0.265027 0.66875 
0.46 0.465474 0.200559 0.66875 

