0.32 0.195852 0.280657 0.772408 
0.2 0.121574 0.334552 0.93846 
0.28 0.241523 0.269975 0.861263 
0.24 0.191209 0.290422 0.93846 
0.36 0.266752 0.235192 0.743553 
0.32 0.241241 0.266286 0.770481 
0.34 0.249647 0.242065 0.861263 
0.4 0.429862 0.218219 0.700191 
0.36 0.312112 0.223941 0.861263 
0.26 0.210739 0.283906 0.772408 
0.24 0.195172 0.304354 0.770481 
0.32 0.205347 0.256686 0.824513 
0.34 0.256817 0.248813 0.743553 
0.36 0.312112 0.223941 0.861263 
0.2 0.13361 0.336213 0.824513 
0.28 0.210577 0.26533 0.93846 
0.38 0.404004 0.227978 0.700191 
0.3 0.246708 0.259214 0.861263 
0.32 0.303544 0.252225 0.743553 
0.28 0.175299 0.293375 0.772408 
0.22 0.181275 0.304043 0.93846 
0.32 0.286601 0.246753 0.861263 
0.28 0.223159 0.270467 0.817822 
0.26 0.236149 0.275681 0.851402 
0.24 0.195172 0.304354 0.770481 
0.32 0.262215 0.259468 0.772408 
0.32 0.286601 0.246753 0.861263 
0.2 0.13361 0.336213 0.824513 
0.26 0.210739 0.283906 0.772408 
0.4 0.382446 0.216833 0.752125 
0.38 0.325212 0.228082 0.816218 
0.26 0.149372 0.287137 0.93846 
0.36 0.329055 0.229412 0.743553 
0.34 0.208119 0.248133 0.824513 
0.34 0.240694 0.247198 0.861263 
0.3 0.257114 0.255841 0.861263 
0.32 0.255475 0.25259 0.816218 
0.28 0.210577 0.26533 0.93846 
0.26 0.149372 0.287137 0.93846 
0.22 0.131938 0.320796 0.93846 
0.26 0.210739 0.283906 0.772408 
0.4 0.371364 0.214753 0.861263 
0.38 0.387608 0.228053 0.743553 
0.38 0.325305 0.233833 0.743553 
0.24 0.191631 0.294176 0.772408 
0.34 0.325263 0.245312 0.743553 
0.24 0.191631 0.294176 0.772408 
0.32 0.206777 0.25191 0.824513 
0.26 0.236149 0.275681 0.851402 
0.34 0.272218 0.236401 0.861263 
0.34 0.256817 0.248813 0.743553 
0.24 0.144886 0.318815 0.824513 
0.38 0.387608 0.228053 0.743553 
0.28 0.174322 0.271474 0.824513 
0.32 0.267034 0.247162 0.861263 
0.32 0.256655 0.261157 0.772408 

