0.22 0.174563 0.318224 0.820023 
0.24 0.143345 0.321857 0.820023 
0.26 0.18453 0.277334 0.93846 
0.18 0.133026 0.348455 0.851402 
0.26 0.153279 0.303075 0.820023 
0.28 0.19576 0.283648 0.861263 
0.3 0.260998 0.270074 0.743553 
0.26 0.230052 0.272868 0.93846 
0.24 0.157584 0.311155 0.93846 
0.34 0.299146 0.238815 0.93846 
0.38 0.313385 0.230282 0.743553 
0.28 0.170346 0.284189 0.772408 
0.38 0.392515 0.21581 0.700191 
0.18 0.127059 0.351038 0.93846 
0.2 0.155227 0.318039 0.93846 
0.22 0.159019 0.305308 0.93846 
0.38 0.32474 0.224742 0.743553 
0.26 0.201565 0.280555 0.772408 
0.36 0.289767 0.234826 0.772408 
0.22 0.148145 0.32208 0.820023 
0.28 0.239972 0.26419 0.93846 
0.2 0.155227 0.318039 0.93846 
0.28 0.241879 0.269088 0.772408 
0.32 0.265242 0.249331 0.93846 
0.2 0.148094 0.321312 0.93846 
0.28 0.170346 0.284189 0.772408 
0.24 0.168953 0.286526 0.93846 
0.3 0.212827 0.266693 0.772408 
0.18 0.133026 0.348455 0.851402 
0.2 0.138211 0.337693 0.820023 
0.32 0.297803 0.242592 0.93846 
0.28 0.211485 0.269797 0.772408 
0.38 0.32474 0.224742 0.743553 
0.28 0.19576 0.283648 0.861263 
0.22 0.146752 0.316941 0.851402 
0.26 0.178873 0.277847 0.93846 
0.3 0.287883 0.251271 0.93846 
0.22 0.159019 0.305308 0.93846 
0.18 0.127059 0.351038 0.93846 
0.36 0.289767 0.234826 0.772408 
0.28 0.170346 0.284189 0.772408 
0.24 0.165212 0.303193 0.772408 
0.22 0.159019 0.305308 0.93846 
0.28 0.226784 0.264929 0.93846 
0.38 0.359954 0.222548 0.700191 
0.28 0.19576 0.283648 0.861263 
0.28 0.239972 0.26419 0.93846 
0.18 0.133026 0.348455 0.851402 
0.3 0.284134 0.259624 0.772408 
0.28 0.170346 0.284189 0.772408 
0.32 0.267376 0.247207 0.861263 
0.2 0.14296 0.332841 0.851402 
0.26 0.194417 0.286753 0.861263 
0.18 0.127059 0.351038 0.93846 
0.32 0.276598 0.24379 0.93846 
0.26 0.18453 0.277334 0.93846 

