0.34 0.263627 0.237295 0.816218 
0.28 0.149288 0.297679 0.820023 
0.22 0.216327 0.302389 0.93846 
0.22 0.133123 0.332525 0.820023 
0.18 0.174267 0.336803 0.851402 
0.16 0.131341 0.357298 0.851402 
0.24 0.149098 0.312426 0.900236 
0.26 0.155667 0.296309 0.93846 
0.18 0.13816 0.334933 0.93846 
0.3 0.251253 0.261168 0.816218 
0.2 0.21416 0.324343 0.851402 
0.22 0.139178 0.31738 0.93846 
0.24 0.2327 0.291626 0.817822 
0.32 0.187673 0.263522 0.772408 
0.18 0.141706 0.355547 0.851402 
0.28 0.161379 0.282963 0.93846 
0.2 0.128147 0.336696 0.93846 
0.3 0.233834 0.263764 0.93846 
0.24 0.226534 0.30125 0.851402 
0.32 0.187673 0.263522 0.772408 
0.18 0.126805 0.340473 0.93846 
0.26 0.155667 0.296309 0.93846 
0.24 0.169226 0.303154 0.851402 
0.22 0.139178 0.31738 0.93846 
0.34 0.263627 0.246562 0.77196 
0.22 0.215632 0.310512 0.820023 
0.18 0.126805 0.344198 0.900236 
0.32 0.187673 0.263522 0.772408 
0.26 0.192598 0.280002 0.93846 
0.26 0.155667 0.296309 0.93846 
0.3 0.251253 0.261168 0.816218 
0.22 0.192806 0.316092 0.851172 
0.24 0.169226 0.303154 0.851402 
0.2 0.176433 0.314849 0.93846 
0.26 0.173957 0.291173 0.816218 
0.34 0.289055 0.240496 0.743553 
0.2 0.169781 0.333736 0.93846 
0.32 0.187673 0.263522 0.772408 
0.22 0.165685 0.325787 0.820023 
0.2 0.21416 0.324343 0.851402 
0.28 0.149288 0.297679 0.820023 
0.22 0.151223 0.320803 0.824513 
0.24 0.2327 0.291626 0.817822 
0.34 0.289055 0.240496 0.743553 
0.22 0.177776 0.311071 0.93846 
0.28 0.245073 0.268532 0.817822 
0.18 0.141706 0.355547 0.851402 
0.3 0.20736 0.264242 0.900236 
0.24 0.188807 0.291755 0.93846 
0.26 0.150441 0.308649 0.900236 
0.22 0.133123 0.332525 0.820023 
0.18 0.141706 0.355547 0.851402 
0.36 0.290397 0.237391 0.743553 
0.2 0.176433 0.314849 0.93846 
0.22 0.186784 0.32032 0.820023 
0.28 0.161379 0.282963 0.93846 

