0.18 0.117236 0.347776 0.825284 
0.14 0.106775 0.378966 0.904839 
0.2 0.116885 0.34805 0.93846 
0.34 0.252059 0.246582 0.743553 
0.22 0.192806 0.304086 0.817822 
0.24 0.160611 0.296052 0.824513 
0.18 0.133508 0.331459 0.825284 
0.28 0.218489 0.288323 0.743553 
0.24 0.127346 0.31686 0.93846 
0.32 0.296151 0.253145 0.735818 
0.22 0.12237 0.328098 0.825284 
0.3 0.249332 0.259954 0.93846 
0.2 0.143442 0.314068 0.93846 
0.22 0.147233 0.298168 0.93846 
0.24 0.127346 0.31686 0.93846 
0.16 0.110566 0.363066 0.904839 
0.2 0.116885 0.34805 0.93846 
0.26 0.205735 0.281063 0.93846 
0.22 0.192806 0.304086 0.817822 
0.18 0.133508 0.331459 0.825284 
0.22 0.12237 0.328098 0.825284 
0.32 0.274945 0.254342 0.735818 
0.18 0.117236 0.347776 0.825284 
0.28 0.189464 0.27689 0.93846 
0.24 0.194149 0.300309 0.817822 
0.28 0.182386 0.284883 0.772408 
0.2 0.116885 0.34805 0.93846 
0.22 0.151223 0.313149 0.824513 
0.28 0.260572 0.268869 0.817822 
0.2 0.149881 0.316926 0.824513 
0.22 0.192806 0.304086 0.817822 
0.18 0.117236 0.347776 0.825284 
0.22 0.135646 0.316658 0.93846 
0.22 0.138095 0.304535 0.93846 
0.34 0.25442 0.24171 0.772408 
0.24 0.202727 0.295408 0.816218 
0.14 0.106775 0.378966 0.904839 
0.32 0.253813 0.252277 0.817822 
0.22 0.12237 0.328098 0.825284 
0.24 0.196598 0.288186 0.817822 
0.18 0.117236 0.347776 0.825284 
0.24 0.127346 0.31686 0.93846 
0.2 0.134304 0.320435 0.93846 
0.14 0.106775 0.378966 0.904839 
0.22 0.12237 0.328098 0.825284 
0.2 0.149881 0.316926 0.824513 
0.34 0.290522 0.24515 0.709001 
0.2 0.116885 0.34805 0.93846 
0.3 0.241759 0.282218 0.816218 
0.28 0.162231 0.287576 0.824513 
0.34 0.252059 0.246582 0.743553 
0.28 0.243963 0.27917 0.743553 
0.3 0.249286 0.261388 0.816218 
0.14 0.106775 0.378966 0.904839 
0.22 0.117681 0.340797 0.93846 
0.22 0.151223 0.313149 0.824513 

