0.3 0.16817 0.275445 0.824513 
0.26 0.135396 0.309828 0.824513 
0.32 0.262229 0.252683 0.93846 
0.38 0.288684 0.237577 0.93846 
0.18 0.126282 0.342108 0.93846 
0.26 0.162801 0.290497 0.93846 
0.22 0.139738 0.310174 0.900236 
0.22 0.127647 0.325849 0.824513 
0.28 0.265863 0.269776 0.93846 
0.4 0.376169 0.211393 0.816218 
0.3 0.253628 0.255617 0.817822 
0.32 0.215142 0.259053 0.772408 
0.22 0.127647 0.325849 0.824513 
0.22 0.136743 0.315221 0.825284 
0.32 0.181692 0.272028 0.824513 
0.26 0.141877 0.299189 0.825284 
0.36 0.349561 0.237058 0.735818 
0.36 0.239088 0.248198 0.824513 
0.32 0.198398 0.267911 0.824513 
0.2 0.119676 0.338791 0.825284 
0.26 0.210577 0.292278 0.817822 
0.38 0.288684 0.237577 0.93846 
0.24 0.169902 0.309915 0.824513 
0.2 0.161134 0.333756 0.825284 
0.28 0.167374 0.282699 0.824513 
0.4 0.305057 0.226814 0.772408 
0.22 0.139738 0.305917 0.93846 
0.26 0.183335 0.286205 0.93846 
0.36 0.287342 0.241354 0.93846 
0.34 0.239176 0.247199 0.824513 
0.36 0.349561 0.237058 0.735818 
0.28 0.192524 0.277049 0.817822 
0.3 0.231103 0.266816 0.900236 
0.26 0.13891 0.309564 0.93846 
0.24 0.141081 0.306397 0.900236 
0.18 0.126282 0.342108 0.93846 
0.26 0.141877 0.299189 0.825284 
0.32 0.203787 0.264593 0.772408 
0.32 0.203787 0.264593 0.772408 
0.18 0.11888 0.346045 0.825284 
0.4 0.305057 0.226814 0.772408 
0.24 0.161458 0.294275 0.93846 
0.3 0.202444 0.268371 0.816218 
0.22 0.136743 0.315221 0.825284 
0.24 0.13042 0.317769 0.825284 
0.22 0.178202 0.305882 0.93846 
0.2 0.127078 0.334854 0.93846 
0.26 0.150751 0.304162 0.820023 
0.26 0.157454 0.291377 0.824513 
0.3 0.16817 0.275445 0.824513 
0.36 0.349561 0.237058 0.735818 
0.38 0.299873 0.237111 0.817822 
0.26 0.162106 0.298621 0.820023 
0.18 0.11888 0.346045 0.825284 
0.34 0.276241 0.245395 0.765643 
0.22 0.139738 0.310174 0.900236 

