0.28 0.186654 0.276928 0.772408 
0.24 0.217461 0.286944 0.851402 
0.18 0.122847 0.339015 0.93846 
0.22 0.159019 0.303917 0.825284 
0.38 0.368967 0.217718 0.735818 
0.34 0.291494 0.242139 0.93846 
0.26 0.185312 0.28969 0.772408 
0.24 0.168939 0.291468 0.93846 
0.22 0.127434 0.315862 0.93846 
0.36 0.273149 0.239747 0.743553 
0.3 0.226548 0.264468 0.743553 
0.2 0.121028 0.331876 0.825284 
0.16 0.11644 0.355029 0.825284 
0.18 0.159366 0.337505 0.825284 
0.3 0.180382 0.277292 0.93846 
0.24 0.13229 0.31942 0.825284 
0.18 0.159366 0.333735 0.93846 
0.18 0.117236 0.347776 0.825284 
0.18 0.159366 0.337505 0.825284 
0.3 0.301437 0.253397 0.93846 
0.34 0.265613 0.243781 0.772408 
0.28 0.261058 0.270761 0.851402 
0.24 0.217461 0.286944 0.851402 
0.18 0.159366 0.333735 0.93846 
0.26 0.137267 0.308182 0.93846 
0.2 0.141951 0.322803 0.825284 
0.28 0.186654 0.276928 0.772408 
0.24 0.168939 0.291468 0.93846 
0.24 0.153214 0.306577 0.93846 
0.38 0.347761 0.218916 0.735818 
0.18 0.13816 0.334933 0.93846 
0.24 0.13647 0.315436 0.93846 
0.24 0.168244 0.299592 0.820023 
0.18 0.13816 0.334933 0.93846 
0.18 0.117236 0.347776 0.825284 
0.26 0.137267 0.308182 0.93846 
0.26 0.152297 0.301197 0.824513 
0.28 0.186654 0.276928 0.772408 
0.34 0.281819 0.24338 0.772408 
0.24 0.185067 0.288143 0.93846 
0.18 0.13816 0.338703 0.825284 
0.2 0.163157 0.317835 0.93846 
0.18 0.159366 0.333735 0.93846 
0.28 0.27644 0.270494 0.93846 
0.2 0.123643 0.331762 0.93846 
0.34 0.3127 0.240941 0.93846 
0.2 0.13922 0.328253 0.824513 
0.38 0.368967 0.217718 0.735818 
0.3 0.212702 0.264924 0.772408 
0.32 0.273802 0.251267 0.743553 
0.24 0.168244 0.299592 0.820023 
0.16 0.11644 0.355029 0.825284 
0.18 0.159366 0.333735 0.93846 
0.26 0.218803 0.283167 0.851402 
0.22 0.127434 0.315862 0.93846 
0.24 0.185067 0.288143 0.93846 

