0.22 0.193061 0.313385 0.816218 
0.26 0.236491 0.275726 0.817822 
0.16 0.113181 0.362952 0.93846 
0.24 0.190145 0.290271 0.93846 
0.18 0.13816 0.338703 0.825284 
0.38 0.321592 0.225032 0.816218 
0.26 0.234297 0.297148 0.743553 
0.26 0.131216 0.307797 0.825284 
0.3 0.247754 0.26327 0.743553 
0.16 0.11644 0.357999 0.825284 
0.2 0.123643 0.335532 0.825284 
0.3 0.158204 0.27593 0.93846 
0.2 0.176433 0.314849 0.93846 
0.32 0.190705 0.261842 0.824513 
0.22 0.127434 0.315862 0.93846 
0.4 0.322935 0.221255 0.709001 
0.36 0.376924 0.232627 0.735818 
0.24 0.235315 0.303922 0.816218 
0.18 0.132813 0.343467 0.824513 
0.18 0.13816 0.334933 0.93846 
0.34 0.29859 0.245725 0.735818 
0.4 0.322935 0.221255 0.709001 
0.42 0.380933 0.2137 0.752125 
0.32 0.297248 0.249503 0.816218 
0.2 0.176433 0.314849 0.93846 
0.32 0.213128 0.256485 0.824513 
0.22 0.193061 0.313385 0.816218 
0.28 0.147589 0.292732 0.824513 
0.24 0.190145 0.290271 0.93846 
0.28 0.156861 0.279707 0.93846 
0.26 0.234297 0.297148 0.743553 
0.22 0.129078 0.318828 0.825284 
0.24 0.14315 0.304286 0.93846 
0.38 0.385506 0.224546 0.735818 
0.22 0.126083 0.327475 0.825284 
0.28 0.147589 0.292732 0.824513 
0.24 0.190145 0.290271 0.93846 
0.28 0.168013 0.289621 0.824513 
0.34 0.294035 0.24592 0.817822 
0.26 0.234297 0.297148 0.743553 
0.28 0.276551 0.287684 0.735818 
0.28 0.154413 0.29183 0.93846 
0.22 0.193061 0.313385 0.816218 
0.28 0.246411 0.267048 0.816218 
0.18 0.120231 0.338329 0.93846 
0.24 0.129874 0.307272 0.93846 
0.2 0.170559 0.322885 0.93846 
0.16 0.11644 0.357999 0.825284 
0.4 0.322935 0.221255 0.709001 
0.28 0.156861 0.279707 0.93846 
0.36 0.281699 0.237492 0.816218 
0.22 0.193061 0.313385 0.816218 
0.26 0.146247 0.296509 0.824513 
0.2 0.123643 0.335532 0.825284 
0.32 0.174577 0.265167 0.824513 
0.44 0.438269 0.204328 0.66875 

