0.24 0.136484 0.316761 0.824513 
0.16 0.11644 0.354229 0.93846 
0.24 0.189487 0.289487 0.900236 
0.22 0.147233 0.298168 0.93846 
0.28 0.205485 0.28831 0.743553 
0.32 0.225085 0.257439 0.743553 
0.3 0.237079 0.258277 0.93846 
0.2 0.121574 0.334552 0.93846 
0.32 0.274945 0.254342 0.735818 
0.28 0.16886 0.283335 0.900236 
0.2 0.122759 0.346281 0.824513 
0.28 0.163902 0.289061 0.772408 
0.22 0.146927 0.314862 0.820023 
0.24 0.141872 0.307175 0.93846 
0.24 0.150446 0.322211 0.772408 
0.24 0.186418 0.306428 0.824513 
0.22 0.147233 0.298168 0.93846 
0.32 0.228932 0.25729 0.843973 
0.24 0.141872 0.307175 0.93846 
0.28 0.163902 0.289061 0.772408 
0.24 0.150446 0.322211 0.772408 
0.26 0.146849 0.303005 0.820023 
0.2 0.125208 0.334159 0.824513 
0.22 0.135572 0.320403 0.820023 
0.32 0.225085 0.257439 0.743553 
0.24 0.136915 0.316625 0.820023 
0.18 0.117783 0.350452 0.93846 
0.3 0.203796 0.276601 0.743553 
0.22 0.14053 0.310952 0.93846 
0.34 0.278736 0.238442 0.735818 
0.36 0.312131 0.234365 0.735818 
0.18 0.120231 0.342054 0.900236 
0.3 0.239468 0.255174 0.824513 
0.24 0.141872 0.307175 0.93846 
0.22 0.135572 0.320403 0.820023 
0.22 0.131938 0.320796 0.93846 
0.34 0.267339 0.245034 0.735818 
0.24 0.136915 0.316625 0.820023 
0.26 0.211207 0.276692 0.93846 
0.24 0.145506 0.306782 0.820023 
0.28 0.205485 0.28831 0.743553 
0.26 0.170295 0.287675 0.93846 
0.2 0.125208 0.334159 0.824513 
0.28 0.163902 0.289061 0.772408 
0.24 0.141872 0.307175 0.93846 
0.22 0.133123 0.332525 0.820023 
0.18 0.117783 0.350452 0.93846 
0.32 0.225085 0.257439 0.743553 
0.3 0.185192 0.2699 0.772408 
0.24 0.136484 0.316761 0.824513 
0.26 0.170295 0.287675 0.93846 
0.36 0.312131 0.234365 0.735818 
0.2 0.121574 0.334552 0.93846 
0.32 0.228932 0.25729 0.843973 
0.24 0.150446 0.322211 0.772408 
0.3 0.215151 0.27106 0.743553 

