0.14 0.106775 0.380482 0.904839 
0.34 0.204259 0.252613 0.831648 
0.22 0.143266 0.326086 0.824513 
0.32 0.2986 0.241022 0.816218 
0.3 0.15751 0.286772 0.824513 
0.18 0.113005 0.357727 0.904839 
0.2 0.137567 0.324729 0.93846 
0.22 0.136558 0.319599 0.93846 
0.24 0.148575 0.294391 0.93846 
0.26 0.173526 0.278727 0.824513 
0.18 0.133508 0.332975 0.825284 
0.2 0.119676 0.338907 0.831648 
0.28 0.215119 0.274907 0.93846 
0.16 0.11644 0.356545 0.825284 
0.2 0.143442 0.314068 0.93846 
0.28 0.258461 0.260919 0.93846 
0.22 0.136558 0.319599 0.93846 
0.26 0.166032 0.286476 0.824513 
0.34 0.204259 0.252613 0.831648 
0.26 0.173526 0.278727 0.824513 
0.14 0.106775 0.380482 0.904839 
0.18 0.120231 0.344291 0.825284 
0.16 0.11644 0.356545 0.825284 
0.2 0.119676 0.338907 0.831648 
0.2 0.132781 0.329165 0.825284 
0.18 0.113005 0.357727 0.904839 
0.3 0.258706 0.253482 0.816218 
0.28 0.172989 0.275571 0.93846 
0.2 0.119412 0.343805 0.93846 
0.36 0.284513 0.235355 0.824513 
0.16 0.109214 0.369981 0.904839 
0.2 0.139475 0.33834 0.824513 
0.16 0.11644 0.356545 0.825284 
0.22 0.143266 0.326086 0.824513 
0.26 0.232413 0.272923 0.93846 
0.2 0.126638 0.332002 0.900236 
0.3 0.258706 0.253482 0.816218 
0.26 0.166032 0.286476 0.824513 
0.24 0.137901 0.315821 0.93846 
0.16 0.11644 0.356545 0.825284 
0.32 0.199282 0.259659 0.824513 
0.2 0.119412 0.345483 0.904839 
0.2 0.126638 0.332002 0.900236 
0.22 0.147233 0.298168 0.93846 
0.18 0.126374 0.341409 0.825284 
0.28 0.258461 0.260919 0.93846 
0.34 0.300331 0.232286 0.816218 
0.2 0.132781 0.329165 0.825284 
0.28 0.156167 0.28702 0.831648 
0.28 0.172989 0.275571 0.93846 
0.34 0.268524 0.239159 0.816218 
0.28 0.156167 0.28702 0.831648 
0.18 0.115621 0.353434 0.93846 
0.2 0.132781 0.329165 0.825284 
0.32 0.258077 0.245539 0.831648 
0.28 0.215119 0.274907 0.93846 

