0.3 0.166101 0.277474 0.824513 
0.32 0.168138 0.265573 0.93846 
0.22 0.127981 0.323108 0.825284 
0.32 0.240255 0.254535 0.93846 
0.38 0.26789 0.231317 0.752125 
0.22 0.193061 0.313385 0.816218 
0.2 0.125208 0.327891 0.93846 
0.16 0.113181 0.366722 0.904839 
0.18 0.122847 0.342785 0.825284 
0.24 0.144608 0.317874 0.824513 
0.2 0.141951 0.322803 0.825284 
0.16 0.11644 0.355029 0.825284 
0.34 0.314116 0.248081 0.743553 
0.26 0.154968 0.291773 0.93846 
0.28 0.222757 0.280368 0.743553 
0.22 0.143294 0.319025 0.825284 
0.36 0.224405 0.24235 0.824513 
0.2 0.118315 0.347045 0.904839 
0.32 0.167444 0.273697 0.824513 
0.38 0.356949 0.23544 0.743553 
0.22 0.127981 0.319338 0.93846 
0.26 0.191395 0.29599 0.824513 
0.2 0.13922 0.328253 0.824513 
0.32 0.168138 0.265573 0.93846 
0.26 0.20518 0.280993 0.817822 
0.32 0.240255 0.254535 0.93846 
0.16 0.11644 0.355029 0.825284 
0.18 0.122847 0.339015 0.93846 
0.34 0.184511 0.254811 0.824513 
0.22 0.127981 0.323108 0.825284 
0.18 0.116973 0.347052 0.93846 
0.34 0.300664 0.248976 0.743553 
0.22 0.143294 0.319025 0.825284 
0.18 0.159366 0.337505 0.825284 
0.16 0.11644 0.355029 0.825284 
0.28 0.211401 0.285909 0.743553 
0.28 0.14115 0.293138 0.93846 
0.32 0.167444 0.273697 0.824513 
0.18 0.122847 0.342785 0.825284 
0.34 0.241597 0.250758 0.93846 
0.32 0.256336 0.256077 0.743553 
0.32 0.240255 0.254535 0.93846 
0.28 0.199375 0.287423 0.820023 
0.32 0.223775 0.262815 0.743553 
0.32 0.183169 0.258588 0.824513 
0.16 0.11644 0.355029 0.825284 
0.34 0.300664 0.248976 0.743553 
0.22 0.127981 0.319338 0.93846 
0.2 0.125208 0.327891 0.93846 
0.3 0.177947 0.275117 0.824513 
0.18 0.159366 0.337505 0.825284 
0.22 0.143294 0.319025 0.825284 
0.26 0.139808 0.296915 0.93846 
0.2 0.118315 0.347045 0.904839 
0.32 0.299322 0.247827 0.816218 
0.32 0.18072 0.266564 0.824513 

