0.2 0.123643 0.333278 0.93846 
0.26 0.216882 0.286917 0.772408 
0.16 0.11644 0.356545 0.825284 
0.32 0.227446 0.258342 0.772408 
0.18 0.122847 0.340531 0.93846 
0.24 0.128777 0.321016 0.825284 
0.28 0.180215 0.282171 0.900236 
0.22 0.165161 0.303157 0.93846 
0.2 0.155227 0.321333 0.825284 
0.2 0.121028 0.337038 0.825284 
0.24 0.184377 0.306986 0.772408 
0.3 0.185192 0.274276 0.772408 
0.36 0.361861 0.232189 0.735818 
0.18 0.159366 0.335251 0.93846 
0.24 0.207416 0.294592 0.900236 
0.34 0.27538 0.243291 0.93846 
0.26 0.194311 0.29258 0.772408 
0.18 0.122847 0.340531 0.93846 
0.32 0.272848 0.24797 0.772408 
0.22 0.151885 0.313558 0.825284 
0.3 0.29903 0.262167 0.735818 
0.24 0.182784 0.303165 0.825284 
0.28 0.175257 0.288682 0.772408 
0.2 0.123643 0.333278 0.93846 
0.3 0.22247 0.262512 0.93846 
0.16 0.11644 0.356545 0.825284 
0.22 0.165161 0.303157 0.93846 
0.18 0.159366 0.335251 0.93846 
0.24 0.128777 0.317246 0.93846 
0.22 0.127981 0.32827 0.825284 
0.24 0.207416 0.290868 0.93846 
0.32 0.309672 0.258884 0.765643 
0.18 0.13816 0.336449 0.93846 
0.2 0.134304 0.330406 0.825284 
0.22 0.165161 0.303157 0.93846 
0.22 0.127434 0.321023 0.93846 
0.2 0.155227 0.321333 0.825284 
0.3 0.22247 0.262512 0.93846 
0.24 0.145687 0.310221 0.824513 
0.3 0.208022 0.269568 0.772408 
0.24 0.207416 0.294592 0.900236 
0.26 0.216882 0.286917 0.772408 
0.26 0.170281 0.296577 0.900236 
0.16 0.11644 0.356545 0.825284 
0.3 0.160741 0.285511 0.824513 
0.26 0.142877 0.311651 0.824513 
0.16 0.11644 0.356545 0.825284 
0.22 0.140711 0.318116 0.900236 
0.18 0.122847 0.340531 0.93846 
0.22 0.127434 0.321023 0.93846 
0.32 0.242555 0.254819 0.772408 
0.3 0.22247 0.266237 0.900236 
0.24 0.168939 0.300355 0.900236 
0.22 0.159019 0.305308 0.93846 
0.26 0.210017 0.292254 0.816218 
0.24 0.207416 0.294592 0.900236 

