0.38 0.267515 0.229569 0.772408 
0.44 0.407795 0.206354 0.735818 
0.28 0.202518 0.271324 0.93846 
0.18 0.133508 0.335343 0.93846 
0.32 0.239565 0.262634 0.772408 
0.22 0.180225 0.303876 0.93846 
0.28 0.163902 0.293988 0.772408 
0.16 0.11644 0.357999 0.825284 
0.22 0.131938 0.324566 0.825284 
0.28 0.202518 0.271324 0.93846 
0.18 0.142488 0.341803 0.854734 
0.24 0.196338 0.311881 0.824513 
0.3 0.236357 0.269862 0.743553 
0.4 0.320792 0.228655 0.743553 
0.42 0.367481 0.20954 0.735818 
0.26 0.19794 0.294586 0.900236 
0.24 0.156246 0.298493 0.93846 
0.24 0.140521 0.317372 0.825284 
0.4 0.366138 0.213317 0.816218 
0.22 0.143706 0.309156 0.93846 
0.26 0.22146 0.286481 0.825284 
0.18 0.142488 0.341803 0.854734 
0.3 0.209517 0.267033 0.93846 
0.38 0.267515 0.229569 0.772408 
0.3 0.183881 0.275275 0.772408 
0.26 0.212711 0.296681 0.824513 
0.32 0.255507 0.266822 0.743553 
0.42 0.363768 0.220615 0.743553 
0.18 0.142488 0.341803 0.854734 
0.36 0.276686 0.243594 0.743553 
0.28 0.202518 0.271324 0.93846 
0.2 0.121574 0.334552 0.93846 
0.4 0.310492 0.221529 0.772408 
0.28 0.175299 0.282469 0.772408 
0.32 0.176276 0.270114 0.772408 
0.22 0.138641 0.319436 0.825284 
0.16 0.11644 0.357999 0.825284 
0.28 0.202518 0.271324 0.93846 
0.36 0.279236 0.242335 0.743553 
0.3 0.167342 0.273436 0.93846 
0.34 0.2498 0.242451 0.817822 
0.18 0.142488 0.341803 0.854734 
0.4 0.310492 0.221529 0.772408 
0.24 0.140521 0.317372 0.825284 
0.26 0.212711 0.296681 0.824513 
0.3 0.183881 0.275275 0.772408 
0.2 0.176433 0.314849 0.93846 
0.32 0.176276 0.270114 0.772408 
0.28 0.165013 0.28257 0.817822 
0.44 0.407795 0.206354 0.735818 
0.28 0.202518 0.271324 0.93846 
0.36 0.251938 0.238761 0.772408 
0.16 0.11644 0.354229 0.93846 
0.34 0.250596 0.242538 0.816218 
0.18 0.142488 0.341803 0.854734 
0.3 0.236357 0.269862 0.743553 

