removenum: 15
75 70 44 41 90 62 57 30 33 22 77 83 22 91 16 
addnum: 15
95 38 45 35 142.116 62.06 8 0.3135 8
1 25 15 19 14 14 8 28 
96 89 67 71 118.374 20.04 4 0.9628 7
33 26 16 20 6 27 32 
97 28 94 15 45.8475 28.07 7 0.1044 5
26 36 25 3 25 
98 48 4 68 54.6621 16.57 1 0.1797 2
15 1 
99 17 48 79 115.558 25.92 5 0.1243 8
9 27 7 35 13 14 32 28 
100 49 37 58 111.245 1.69 10 0.3031 5
22 12 19 31 16 
101 31 19 82 137.156 56.58 3 0.5659 2
28 8 
102 44 48 33 95.7095 59.69 5 0.6433 7
12 36 11 23 10 3 28 
103 28 8 0 132.67 29.85 9 0.499 8
36 19 25 27 14 33 7 16 
104 97 31 57 122.85 89.13 1 0.9419 7
26 34 2 1 24 9 2 
105 6 79 30 64.4036 93.67 3 0.4094 2
34 36 
106 22 57 80 140.588 34.97 6 0.7409 3
28 10 29 
107 84 25 27 42.4011 30.41 6 0.4681 8
9 22 35 15 10 5 20 20 
108 62 78 53 125.944 27.33 3 0.0384 7
34 13 22 24 21 9 17 
109 79 62 2 143.767 54.37 4 0.7006 5
17 16 7 9 34 
