removenum: 15
21 20 17 24 37 13 0 12 42 34 36 47 40 21 19 
addnum: 15
50 27 43 85 20.7462 47.94 2 0.0631 8
13 20 16 17 6 1 17 24 
51 87 17 62 120.84 3.34 7 0.1501 6
11 22 8 8 19 23 
52 29 88 66 124.053 12.79 2 0.0866 3
18 11 10 
53 63 40 28 116.789 79.97 2 0.8462 3
16 13 5 
54 54 1 57 149.265 53.93 3 0.9706 6
6 20 22 7 1 19 
55 36 37 82 133.515 67.35 6 0.1679 8
14 15 19 23 13 24 24 22 
56 67 51 70 85.9472 89.63 3 0.6414 5
13 14 23 12 8 
57 15 6 89 114.575 59.92 6 0.2216 4
19 19 21 17 
58 18 96 18 149.103 52.03 6 0.64 7
13 7 6 21 17 5 12 
59 57 53 77 104.396 50.01 1 0.3633 7
5 6 14 7 10 19 18 
60 74 7 16 145.977 10.13 7 0.1501 8
11 13 13 2 23 23 4 15 
61 28 43 61 119.64 89.41 6 0.0273 8
5 12 23 24 5 12 11 19 
62 29 70 33 69.3621 38.01 9 0.2982 7
18 6 6 5 2 24 10 
63 93 83 7 71.0032 64.77 4 0.0118 4
22 10 18 10 
64 17 74 93 85.32 2.84 5 0.8452 3
3 2 22 
