removenum: 15
55 43 52 42 29 41 13 58 30 53 68 2 48 80 15 
addnum: 15
80 20 68 5 96.9874 45.01 4 0.7469 5
1 13 21 6 9 
81 39 44 79 121.614 74.35 2 0.527 2
4 32 
82 7 73 98 39.0165 40.78 3 0.7861 8
19 21 15 16 16 25 13 22 
83 88 34 51 60.3009 75.24 7 0.9067 6
10 29 30 30 31 11 
84 65 71 50 103.901 37.4 4 0.9668 8
27 30 20 3 15 17 9 26 
85 88 36 16 103.265 52.22 7 0.9722 8
28 16 15 14 13 12 11 14 
86 41 34 68 131.768 3.47 6 0.5139 4
30 24 25 22 
87 91 5 75 146.024 95.27 7 0.5107 2
24 29 
88 83 77 62 99.3883 65.69 1 0.4791 2
32 24 
89 29 36 7 145.274 77.48 5 0.4243 7
19 20 31 5 15 14 12 
90 51 12 33 70.5324 66.81 4 0.6505 5
15 6 31 8 6 
91 56 10 33 117.389 53.86 9 0.3312 2
21 13 
92 6 27 29 75.696 66.85 6 0.5994 6
21 26 25 2 4 27 
93 30 37 20 120.822 93.63 3 0.4587 3
30 10 26 
94 21 29 35 76.4175 14.08 2 0.3801 2
9 30 
