removenum: 15
13 56 32 21 14 52 3 20 54 65 5 1 24 9 59 
addnum: 15
65 55 99 43 92.0672 73.6 4 0.9474 4
8 1 22 20 
66 99 36 62 134.976 78.23 10 0.065 7
23 2 17 19 7 19 18 
67 88 39 21 120.367 28.17 9 0.8741 4
24 10 6 6 
68 31 50 15 90.7482 85.48 6 0.1419 4
21 4 20 22 
69 59 39 76 124.584 81.76 2 0.6191 2
10 21 
70 36 60 99 124.64 74.73 10 0.0262 5
21 26 5 18 6 
71 65 75 100 132.778 54.88 5 0.1992 5
15 26 14 13 4 
72 56 56 74 102.59 63.67 5 0.1289 6
27 12 8 2 24 25 
73 78 68 89 149.561 19.97 5 0.4678 5
3 7 2 5 25 
74 36 40 68 92.4295 80.79 6 0.1132 7
14 26 16 26 1 19 27 
75 36 59 50 143.204 36.24 6 0.8514 5
24 10 15 17 18 
76 72 8 16 90.501 7.18 7 0.9036 2
6 7 
77 23 87 29 134.146 92.59 7 0.0681 2
25 11 
78 80 67 50 54.7169 28.82 7 0.4011 3
1 5 18 
79 29 7 53 111.907 5.29 9 0.5851 6
7 2 4 13 21 14 
