0.12 0.0542193 0.335595 0.755309 
0.1 0.0374668 0.364001 0.733196 
0.12 0.0389568 0.356807 0.705902 
0.14 0.080505 0.322695 0.705902 
0.12 0.0398149 0.3453 0.836582 
0.08 0.0304055 0.369762 0.836582 
0.18 0.0563411 0.320515 0.755309 
0.18 0.0669758 0.319305 0.755309 
0.12 0.0939915 0.331707 0.804351 
0.14 0.0468762 0.339538 0.755309 
0.12 0.07253 0.334309 0.836582 
0.24 0.185528 0.277573 0.839989 
0.14 0.080505 0.321759 0.750082 
0.2 0.0819992 0.301327 0.818815 
0.14 0.0413048 0.337105 0.836582 
0.18 0.0689567 0.316619 0.872547 
0.16 0.0683974 0.320737 0.755309 
0.14 0.0604182 0.328497 0.836582 
0.22 0.120222 0.281349 0.755309 
0.12 0.0524902 0.341307 0.705902 
0.1 0.0495744 0.361275 0.836582 
0.16 0.0483534 0.327963 0.872547 
0.1 0.0733882 0.346517 0.804351 
0.1 0.0519267 0.347351 0.804351 
0.1 0.0733882 0.348547 0.750082 
0.08 0.0518669 0.36871 0.836582 
0.12 0.0398149 0.346246 0.872547 
0.12 0.07253 0.334524 0.705902 
0.22 0.22457 0.296254 0.727784 
0.1 0.0519267 0.350317 0.705902 
0.16 0.0827975 0.307973 0.755309 
0.1 0.0318955 0.361567 0.836582 
0.18 0.139711 0.303589 0.750082 
0.1 0.0519267 0.349381 0.750082 
0.12 0.07253 0.332541 0.804351 
0.1 0.0510088 0.35296 0.836582 
0.12 0.0599016 0.338487 0.705902 
0.1 0.0519267 0.349381 0.750082 
0.1 0.0733882 0.346517 0.804351 
0.1 0.0733882 0.348547 0.750082 
0.16 0.0725898 0.317263 0.705902 
0.12 0.07253 0.334524 0.705902 
0.14 0.080505 0.322695 0.705902 
0.1 0.0510088 0.35296 0.836582 
0.16 0.0827975 0.307973 0.755309 
0.12 0.0640513 0.337166 0.750082 
0.1 0.0318955 0.361567 0.836582 
0.26 0.193503 0.265744 0.839989 
0.14 0.0720263 0.325337 0.750082 
0.1 0.0519267 0.350317 0.705902 
0.16 0.0418684 0.330651 0.836582 
0.12 0.07253 0.332541 0.804351 
0.22 0.120222 0.281349 0.755309 
0.12 0.0398149 0.3453 0.836582 
0.12 0.0398149 0.346246 0.872547 
0.18 0.0689567 0.316619 0.872547 
0.26 0.243235 0.280506 0.745888 
0.14 0.0403784 0.339793 0.872547 
0.12 0.0939915 0.331707 0.804351 
0.14 0.0604182 0.331436 0.872547 
0.12 0.07253 0.334309 0.836582 
0.08 0.0518669 0.36871 0.836582 
0.1 0.0374668 0.364001 0.733196 
0.2 0.0819992 0.301327 0.818815 
0.14 0.0613361 0.32659 0.755309 
0.14 0.0468762 0.339538 0.755309 
0.18 0.148258 0.301559 0.750082 
0.08 0.0304055 0.369762 0.836582 
0.12 0.07253 0.334524 0.705902 
0.24 0.185528 0.277573 0.839989 
0.2 0.203967 0.306629 0.727784 
0.2 0.0904779 0.289222 0.755309 
0.1 0.0318955 0.361567 0.836582 
0.22 0.147327 0.302201 0.727784 
0.14 0.0720263 0.325337 0.750082 
0.14 0.0477898 0.334416 0.872547 
0.1 0.0733882 0.348547 0.750082 
0.14 0.0720263 0.326273 0.705902 
0.14 0.0468762 0.339538 0.755309 
0.1 0.0374668 0.364001 0.733196 
0.16 0.0483534 0.327963 0.872547 
0.14 0.0613361 0.32659 0.755309 
0.08 0.0304055 0.369762 0.836582 
0.12 0.07253 0.332541 0.804351 
0.1 0.0519267 0.350325 0.733196 
0.16 0.0725898 0.317263 0.705902 
0.12 0.07253 0.334309 0.836582 
0.12 0.0398149 0.346246 0.872547 
0.12 0.0939915 0.331707 0.804351 
0.12 0.032459 0.355114 0.836582 
0.18 0.148258 0.301559 0.750082 
0.16 0.0819394 0.309846 0.836582 
0.12 0.0542193 0.335595 0.755309 
0.16 0.0819394 0.310062 0.755309 
0.1 0.0733882 0.346517 0.804351 
0.1 0.0510088 0.35296 0.836582 
0.12 0.0599016 0.338487 0.705902 
0.14 0.0646149 0.329093 0.705902 
0.14 0.0468762 0.339538 0.755309 
0.12 0.0398149 0.346246 0.872547 
0.14 0.0403784 0.339793 0.872547 
0.16 0.0819394 0.310062 0.755309 
0.1 0.0519267 0.350317 0.705902 
0.12 0.032459 0.355114 0.836582 
0.18 0.0689567 0.316619 0.872547 
0.22 0.11994 0.286666 0.755309 
0.24 0.23526 0.292335 0.745888 
0.12 0.07253 0.334309 0.836582 
0.12 0.0640513 0.337166 0.750082 
0.12 0.0939915 0.331707 0.804351 
0.08 0.0304055 0.369762 0.836582 
0.1 0.0374668 0.364001 0.733196 
