85 17 38 44.2944 72.01 6 0.0124 2
5 6 
99 80 100 143.42 9.27 7 0.3446 2
14 17 
59 16 55 92.278 65.24 4 0.1384 4
2 4 7 18 
70 93 6 108.053 80.51 2 0.2088 2
4 9 
88 75 59 74.5883 95.24 5 0.3247 1
2 
59 92 84 85.2474 44.87 4 0.112 2
4 13 
14 25 81 139.864 65.52 6 0.289 2
4 12 
82 59 92 143.916 5.63 8 0.0741 4
3 13 18 19 
29 65 61 126.691 5.35 10 0.6892 1
0 
72 7 59 95.4182 25.85 9 0.6007 4
8 10 17 19 
90 41 58 139.586 84.08 4 0.8618 1
14 
79 53 58 121.222 88.05 10 0.2143 2
9 12 
42 61 65 125.52 32.57 6 0.4263 3
5 6 14 
33 37 1 17.8221 63.6 7 0.9284 6
0 1 3 6 11 16 
92 20 31 55.4783 91.1 8 0.8561 2
8 11 
30 55 82 104.617 52.83 8 0.3537 3
8 10 13 
89 4 53 86.9112 89.94 4 0.5627 2
7 14 
0 39 64 106.768 28.4 3 0.7616 2
8 19 
44 96 76 102.344 57.08 7 0.1075 3
7 13 18 
24 65 88 121.976 55.08 5 0.8292 2
3 12 
25 22 51 52.6632 38.79 8 0.0151 1
5 
30 75 4 38.7626 27.74 1 0.5586 2
5 16 
7 27 4 67.9188 33.96 3 0.9086 2
3 18 
30 90 34 63.8932 45.02 7 0.0124 1
15 
18 3 24 115.413 84.31 4 0.3687 1
15 
7 60 55 110.166 28.37 6 0.7238 3
1 10 15 
59 82 44 85.234 73.97 9 0.9128 1
0 
16 14 43 122.234 76.76 10 0.4308 2
12 19 
12 40 84 91.5372 91.89 1 0.3365 1
3 
60 32 24 131.528 7.62 10 0.6942 3
8 9 12 
34 45 5 47.833 99.63 4 0.0819 1
16 
44 56 35 40.5775 9.53 6 0.2921 1
19 
43 82 53 125.789 47.04 6 0.2464 1
17 
55 63 65 68.672 18.33 10 0.7214 2
5 14 
82 53 67 99.3036 37.99 3 0.1603 3
1 10 16 
77 55 83 83.8844 69.42 8 0.4692 2
6 9 
61 38 88 148.493 98.56 2 0.5803 1
7 
64 21 46 57.6896 19.05 7 0.029 1
17 
0 94 85 132.522 10.96 5 0.4339 2
10 13 
27 47 11 147.15 60.48 8 0.0172 1
2 
91 41 84 115.621 41.87 5 0.377 3
0 7 15 
57 18 76 143.214 21.66 8 0.5138 2
2 15 
12 22 51 76.5816 16.25 2 0.5331 1
9 
72 99 53 84.3795 19.33 4 0.9739 1
11 
44 38 14 142.166 86.48 5 0.2266 3
0 16 18 
44 61 72 96.1878 95.65 7 0.9273 3
2 6 11 
53 48 65 85.2895 24.75 7 0.8709 2
4 17 
29 42 93 123.706 91.21 5 0.0527 1
1 
96 45 43 127.605 4.74 3 0.2239 1
11 
11 7 52 123.011 66.05 8 0.2146 1
1 
