0.24 0.190159 0.285328 0.93846 
0.36 0.278107 0.229652 0.743553 
0.22 0.179785 0.315644 0.820023 
0.4 0.405722 0.228251 0.66875 
0.28 0.151797 0.28349 0.93846 
0.2 0.119676 0.346534 0.825284 
0.18 0.133508 0.356784 0.825284 
0.28 0.243963 0.27917 0.743553 
0.26 0.236491 0.275726 0.817822 
0.16 0.11644 0.354229 0.93846 
0.26 0.129786 0.318916 0.824513 
0.32 0.22184 0.252874 0.93846 
0.22 0.123467 0.322486 0.93846 
0.2 0.176433 0.314849 0.93846 
0.3 0.184298 0.270313 0.824513 
0.34 0.276764 0.231826 0.816218 
0.24 0.196598 0.288186 0.817822 
0.18 0.133508 0.356784 0.825284 
0.24 0.143618 0.329166 0.824513 
0.36 0.278107 0.229652 0.743553 
0.24 0.129874 0.31839 0.825284 
0.4 0.351927 0.223029 0.743553 
0.2 0.137299 0.340884 0.825284 
0.26 0.205735 0.276136 0.93846 
0.2 0.176433 0.314849 0.93846 
0.3 0.220498 0.256652 0.93846 
0.32 0.288069 0.260084 0.743553 
0.18 0.120231 0.338329 0.93846 
0.3 0.177845 0.272397 0.93846 
0.26 0.150455 0.287267 0.93846 
0.36 0.278107 0.228048 0.807312 
0.24 0.153117 0.306333 0.900236 
0.24 0.186432 0.301486 0.824513 
0.42 0.385321 0.218952 0.743553 
0.18 0.133508 0.335343 0.93846 
0.24 0.140535 0.295945 0.93846 
0.2 0.119676 0.346534 0.825284 
0.32 0.22184 0.252874 0.93846 
0.26 0.156908 0.285183 0.824513 
0.3 0.247754 0.26327 0.743553 
0.2 0.176433 0.314849 0.93846 
0.34 0.234112 0.249174 0.824513 
0.26 0.150455 0.287267 0.93846 
0.22 0.173077 0.309157 0.93846 
0.18 0.133508 0.356784 0.825284 
0.34 0.26253 0.238843 0.743553 
0.24 0.129874 0.31839 0.825284 
0.24 0.196598 0.288186 0.817822 
0.18 0.133508 0.356784 0.825284 
0.3 0.184298 0.270313 0.824513 
0.26 0.13485 0.310449 0.824513 
0.26 0.205735 0.276136 0.93846 
0.2 0.176433 0.314849 0.93846 
0.36 0.278107 0.228048 0.807312 
0.22 0.176498 0.315106 0.824513 
0.22 0.136049 0.332873 0.900236 

