0.3 0.156079 0.28883 0.824513 
0.22 0.191413 0.298948 0.851402 
0.16 0.11644 0.357999 0.825284 
0.32 0.222636 0.251304 0.772408 
0.18 0.170554 0.333734 0.851402 
0.2 0.119676 0.338386 0.93846 
0.16 0.11644 0.354229 0.93846 
0.24 0.128777 0.312084 0.93846 
0.22 0.127434 0.319632 0.825284 
0.3 0.173235 0.268945 0.824513 
0.3 0.244814 0.253383 0.93846 
0.26 0.206518 0.288492 0.772408 
0.2 0.155227 0.316046 0.93846 
0.18 0.159366 0.333735 0.93846 
0.24 0.15364 0.294378 0.825284 
0.32 0.290008 0.250865 0.735818 
0.2 0.141951 0.322803 0.825284 
0.18 0.120231 0.342099 0.825284 
0.16 0.139063 0.354181 0.861263 
0.18 0.13142 0.338328 0.851402 
0.18 0.170554 0.333734 0.851402 
0.3 0.15751 0.284054 0.824513 
0.22 0.127434 0.319632 0.825284 
0.16 0.11644 0.357999 0.825284 
0.26 0.206518 0.288492 0.772408 
0.28 0.209906 0.267385 0.824513 
0.24 0.15364 0.290608 0.93846 
0.28 0.248772 0.267103 0.816218 
0.18 0.159366 0.333735 0.93846 
0.22 0.146525 0.318888 0.824513 
0.32 0.257688 0.24965 0.743553 
0.16 0.139063 0.354181 0.861263 
0.22 0.143706 0.304229 0.93846 
0.18 0.117783 0.350452 0.93846 
0.24 0.222479 0.290314 0.825284 
0.24 0.128777 0.312084 0.93846 
0.2 0.132781 0.325395 0.93846 
0.3 0.172137 0.273757 0.824513 
0.2 0.123643 0.331762 0.93846 
0.22 0.127434 0.315862 0.93846 
0.16 0.131341 0.357298 0.851402 
0.2 0.163157 0.321605 0.825284 
0.16 0.11644 0.357999 0.825284 
0.3 0.247754 0.26327 0.743553 
0.2 0.121574 0.338322 0.825284 
0.18 0.170554 0.333734 0.851402 
0.22 0.149284 0.304534 0.851402 
0.22 0.127434 0.319632 0.825284 
0.26 0.206518 0.288492 0.772408 
0.22 0.143706 0.304229 0.93846 
0.18 0.117783 0.350452 0.93846 
0.24 0.201273 0.287741 0.93846 
0.26 0.206518 0.279508 0.816218 
0.32 0.182072 0.260137 0.824513 
0.18 0.159366 0.333735 0.93846 
0.32 0.236482 0.250847 0.743553 

