0.38 0.310061 0.223265 0.93846 
0.28 0.171341 0.281011 0.824513 
0.22 0.159801 0.315902 0.824513 
0.18 0.159366 0.333735 0.93846 
0.2 0.134156 0.339689 0.824513 
0.38 0.33997 0.227087 0.722676 
0.24 0.231307 0.286487 0.851402 
0.18 0.149348 0.334932 0.851402 
0.28 0.222757 0.280368 0.743553 
0.24 0.168939 0.291468 0.93846 
0.16 0.11644 0.354229 0.93846 
0.38 0.248119 0.238345 0.743553 
0.16 0.127629 0.354228 0.851402 
0.22 0.127981 0.319338 0.93846 
0.2 0.134156 0.339689 0.824513 
0.26 0.169999 0.284788 0.824513 
0.28 0.222757 0.280368 0.743553 
0.16 0.127629 0.354228 0.851402 
0.18 0.159366 0.333735 0.93846 
0.18 0.120231 0.338329 0.93846 
0.18 0.149348 0.334932 0.851402 
0.4 0.290374 0.226269 0.709001 
0.36 0.301215 0.232133 0.816218 
0.26 0.220021 0.279007 0.851402 
0.24 0.166208 0.300688 0.824513 
0.22 0.159019 0.300146 0.93846 
0.2 0.121574 0.334552 0.93846 
0.32 0.297641 0.25281 0.817822 
0.18 0.159366 0.333735 0.93846 
0.2 0.166416 0.316045 0.851402 
0.32 0.297641 0.25281 0.817822 
0.4 0.290374 0.226269 0.709001 
0.2 0.137299 0.319443 0.93846 
0.24 0.168939 0.291468 0.93846 
0.2 0.134156 0.339689 0.824513 
0.16 0.127629 0.354228 0.851402 
0.18 0.120231 0.338329 0.93846 
0.28 0.186654 0.276928 0.772408 
0.22 0.227515 0.302388 0.851402 
0.18 0.170554 0.333734 0.851402 
0.38 0.30003 0.236784 0.817822 
0.2 0.163157 0.317835 0.93846 
0.32 0.214447 0.260795 0.816218 
0.2 0.134156 0.339689 0.824513 
0.18 0.170554 0.333734 0.851402 
0.22 0.214239 0.305374 0.851402 
0.24 0.172943 0.301506 0.817822 
0.16 0.11644 0.354229 0.93846 
0.16 0.127629 0.354228 0.851402 
0.2 0.121574 0.334552 0.93846 
0.24 0.168939 0.291468 0.93846 
0.36 0.297716 0.239162 0.743553 
0.4 0.290374 0.226269 0.709001 
0.28 0.222757 0.280368 0.743553 
0.18 0.170554 0.333734 0.851402 
0.24 0.181521 0.296606 0.816218 

