0.24 0.132957 0.315167 0.824513 
0.2 0.125208 0.331189 0.824513 
0.2 0.148487 0.311787 0.851402 
0.16 0.11644 0.354229 0.93846 
0.2 0.126638 0.323115 0.93846 
0.24 0.201347 0.285327 0.851402 
0.34 0.287957 0.238706 0.861263 
0.26 0.176989 0.294178 0.772408 
0.24 0.168953 0.286526 0.93846 
0.26 0.138711 0.298464 0.93846 
0.16 0.127629 0.354228 0.851402 
0.18 0.144696 0.327688 0.851402 
0.38 0.367615 0.223628 0.735818 
0.34 0.219553 0.248086 0.861263 
0.32 0.236482 0.250847 0.743553 
0.3 0.25223 0.276654 0.743553 
0.28 0.186654 0.276928 0.772408 
0.26 0.164402 0.280152 0.824513 
0.3 0.235139 0.254625 0.816218 
0.3 0.196588 0.263308 0.772408 
0.24 0.168953 0.286526 0.93846 
0.24 0.148029 0.290914 0.93846 
0.26 0.149372 0.287137 0.93846 
0.16 0.11644 0.354229 0.93846 
0.24 0.144354 0.308575 0.824513 
0.22 0.143011 0.312353 0.824513 
0.32 0.257688 0.24965 0.743553 
0.22 0.127981 0.319338 0.93846 
0.38 0.367615 0.223628 0.735818 
0.24 0.201347 0.285327 0.851402 
0.34 0.219553 0.248086 0.861263 
0.38 0.341863 0.22847 0.861263 
0.16 0.127629 0.354228 0.851402 
0.18 0.132605 0.34379 0.851402 
0.18 0.144696 0.327688 0.851402 
0.24 0.152931 0.303674 0.824513 
0.24 0.155014 0.297249 0.824513 
0.3 0.27001 0.267167 0.743553 
0.34 0.219553 0.248086 0.861263 
0.2 0.137827 0.323114 0.851402 
0.18 0.144696 0.327688 0.851402 
0.16 0.127629 0.354228 0.851402 
0.24 0.148029 0.290914 0.93846 
0.2 0.148487 0.311787 0.851402 
0.22 0.138641 0.308011 0.93846 
0.24 0.168953 0.286526 0.93846 
0.32 0.23407 0.251257 0.861263 
0.16 0.11644 0.354229 0.93846 
0.38 0.367615 0.223628 0.735818 
0.24 0.201347 0.285327 0.851402 
0.32 0.209633 0.256764 0.861263 
0.32 0.215558 0.255236 0.824513 
0.3 0.196588 0.263308 0.772408 
0.24 0.132957 0.315167 0.824513 
0.24 0.168953 0.286526 0.93846 
0.26 0.176989 0.294178 0.772408 

