0.4 0.325615 0.214452 0.861263 
0.32 0.174577 0.267886 0.824513 
0.28 0.216452 0.270264 0.816218 
0.22 0.138641 0.313173 0.93846 
0.34 0.224326 0.247732 0.824513 
0.16 0.11644 0.355746 0.93846 
0.26 0.15307 0.298983 0.825284 
0.24 0.229279 0.300692 0.820023 
0.16 0.11644 0.359516 0.825284 
0.22 0.123467 0.330273 0.825284 
0.28 0.156861 0.283192 0.93846 
0.24 0.190159 0.289705 0.93846 
0.28 0.258461 0.260919 0.93846 
0.34 0.200625 0.255882 0.824513 
0.24 0.140535 0.307084 0.93846 
0.26 0.190284 0.282279 0.825284 
0.26 0.150307 0.309239 0.824513 
0.26 0.180428 0.28697 0.93846 
0.3 0.20661 0.262271 0.93846 
0.36 0.320481 0.233457 0.861263 
0.24 0.12481 0.325729 0.825284 
0.22 0.186367 0.305729 0.825284 
0.18 0.120231 0.347261 0.825284 
0.18 0.120231 0.344258 0.93846 
0.32 0.174577 0.267886 0.824513 
0.24 0.12481 0.325729 0.825284 
0.32 0.174577 0.267886 0.824513 
0.24 0.133387 0.317292 0.93846 
0.26 0.144895 0.314266 0.824513 
0.2 0.122671 0.333224 0.93846 
0.4 0.325615 0.214452 0.861263 
0.28 0.252554 0.270058 0.816218 
0.22 0.186367 0.305729 0.825284 
0.26 0.190284 0.278509 0.93846 
0.18 0.11888 0.349015 0.825284 
0.34 0.286097 0.237701 0.772408 
0.22 0.173091 0.308591 0.93846 
0.32 0.174577 0.267886 0.824513 
0.26 0.15307 0.29468 0.93846 
0.3 0.158204 0.278648 0.93846 
0.34 0.280588 0.245917 0.861263 
0.28 0.230177 0.266049 0.93846 
0.16 0.11644 0.359516 0.825284 
0.22 0.186367 0.305729 0.825284 
0.22 0.123467 0.330273 0.825284 
0.2 0.119676 0.337459 0.93846 
0.4 0.325615 0.214452 0.861263 
0.34 0.224326 0.247732 0.824513 
0.24 0.186492 0.29818 0.825284 
0.24 0.140535 0.298663 0.93846 
0.28 0.200204 0.269831 0.93846 
0.18 0.11888 0.349015 0.825284 
0.24 0.140535 0.303733 0.825284 
0.26 0.141877 0.294886 0.93846 
0.28 0.156861 0.283192 0.93846 
0.2 0.122671 0.333224 0.93846 

