0.2 0.154616 0.319009 0.851402 
0.26 0.194987 0.279464 0.93846 
0.28 0.175299 0.282469 0.772408 
0.36 0.208226 0.250805 0.772408 
0.38 0.346409 0.224826 0.735818 
0.16 0.11644 0.357999 0.825284 
0.34 0.20325 0.264663 0.900236 
0.28 0.267275 0.265805 0.851402 
0.32 0.252596 0.252464 0.743553 
0.22 0.181275 0.307813 0.825284 
0.4 0.285523 0.2208 0.743553 
0.22 0.12237 0.331069 0.825284 
0.22 0.138641 0.308011 0.93846 
0.16 0.11644 0.354229 0.93846 
0.4 0.329096 0.219912 0.93846 
0.46 0.425354 0.194802 0.709001 
0.26 0.242278 0.282903 0.851402 
0.4 0.285523 0.2208 0.743553 
0.28 0.175299 0.282469 0.772408 
0.16 0.11644 0.357999 0.825284 
0.32 0.241199 0.259056 0.743553 
0.22 0.147219 0.30311 0.93846 
0.2 0.121574 0.338322 0.825284 
0.24 0.185067 0.288143 0.93846 
0.34 0.206883 0.254582 0.816218 
0.36 0.208226 0.250805 0.772408 
0.18 0.120231 0.338329 0.93846 
0.4 0.329096 0.219912 0.93846 
0.46 0.425354 0.194802 0.709001 
0.36 0.208226 0.250805 0.772408 
0.44 0.346812 0.205372 0.752125 
0.16 0.11644 0.357999 0.825284 
0.36 0.294109 0.241862 0.743553 
0.18 0.120231 0.338329 0.93846 
0.26 0.173957 0.286246 0.816218 
0.28 0.175299 0.282469 0.772408 
0.32 0.223071 0.258607 0.93846 
0.2 0.137299 0.311789 0.93846 
0.3 0.247411 0.263226 0.851402 
0.22 0.146525 0.318888 0.824513 
0.4 0.329096 0.219912 0.93846 
0.3 0.247411 0.263226 0.851402 
0.26 0.164935 0.296225 0.824513 
0.2 0.143428 0.322781 0.825284 
0.44 0.346812 0.205372 0.752125 
0.34 0.309149 0.242451 0.861263 
0.28 0.175299 0.282469 0.772408 
0.2 0.137299 0.311789 0.93846 
0.2 0.121574 0.334552 0.93846 
0.32 0.252596 0.252464 0.743553 
0.36 0.208226 0.250805 0.772408 
0.18 0.117236 0.350746 0.825284 
0.46 0.425354 0.194802 0.709001 
0.32 0.195852 0.274678 0.772408 
0.18 0.120231 0.338329 0.93846 
0.26 0.173957 0.286246 0.816218 

