0.26 0.192973 0.296233 0.772408 
0.24 0.154251 0.301279 0.851402 
0.22 0.186446 0.310099 0.851402 
0.3 0.325879 0.266184 0.700191 
0.24 0.15907 0.306076 0.772408 
0.4 0.296804 0.227927 0.752125 
0.36 0.365638 0.229343 0.66875 
0.38 0.324597 0.225581 0.862805 
0.26 0.211286 0.284016 0.862805 
0.22 0.187839 0.311592 0.772408 
0.28 0.277598 0.274201 0.851402 
0.34 0.298452 0.253917 0.700191 
0.2 0.14352 0.322939 0.851402 
0.28 0.170332 0.292213 0.772408 
0.32 0.210591 0.264195 0.824513 
0.24 0.155644 0.302772 0.824513 
0.4 0.296804 0.227927 0.752125 
0.22 0.186446 0.310099 0.851402 
0.28 0.21647 0.273254 0.862805 
0.26 0.236695 0.284226 0.851402 
0.3 0.170698 0.276655 0.824513 
0.22 0.187839 0.311592 0.772408 
0.38 0.375572 0.214937 0.66875 
0.32 0.271075 0.252886 0.770481 
0.28 0.160778 0.287413 0.824513 
0.26 0.194565 0.289812 0.851402 
0.2 0.144914 0.324432 0.824513 
0.36 0.268034 0.259279 0.765643 
0.3 0.325879 0.266184 0.700191 
0.22 0.155278 0.31833 0.772408 
0.28 0.21647 0.273254 0.862805 
0.28 0.169355 0.27976 0.824513 
0.28 0.278949 0.268292 0.851402 
0.36 0.358505 0.233456 0.757185 
0.3 0.209249 0.2673 0.824513 
0.22 0.148705 0.312177 0.824513 
0.22 0.155278 0.31833 0.772408 
0.36 0.268034 0.259279 0.765643 
0.3 0.320236 0.26097 0.735818 
0.4 0.296804 0.227927 0.752125 
0.28 0.202893 0.285475 0.772408 
0.36 0.269543 0.247116 0.862805 
0.22 0.186446 0.310099 0.851402 
0.22 0.187839 0.311592 0.772408 
0.24 0.154251 0.301279 0.851402 
0.34 0.280356 0.252551 0.851402 
0.3 0.209249 0.2673 0.824513 
0.2 0.144914 0.324432 0.824513 
0.24 0.226761 0.298632 0.851402 
0.3 0.320236 0.26097 0.735818 
0.28 0.278949 0.268292 0.851402 
0.28 0.21647 0.273254 0.862805 
0.28 0.169355 0.27976 0.824513 
0.22 0.186446 0.310099 0.851402 
0.24 0.155644 0.302772 0.824513 
0.34 0.292809 0.248703 0.735818 

