0.16 0.0753904 0.319584 0.857694 
0.24 0.145291 0.285102 0.890034 
0.24 0.185528 0.282904 0.795023 
0.1 0.046731 0.343923 0.809484 
0.16 0.094777 0.317503 0.890034 
0.12 0.0613574 0.352064 0.777107 
0.18 0.100651 0.312158 0.839989 
0.12 0.0913232 0.349804 0.740656 
0.16 0.112921 0.323156 0.740656 
0.18 0.100651 0.312158 0.839989 
0.24 0.145291 0.285102 0.890034 
0.12 0.0613574 0.352064 0.777107 
0.16 0.112921 0.323156 0.740656 
0.24 0.185528 0.282904 0.795023 
0.16 0.094777 0.317503 0.890034 
0.12 0.0913232 0.349804 0.740656 
0.1 0.046731 0.343923 0.809484 
0.16 0.0753904 0.319584 0.857694 
0.18 0.100651 0.312158 0.839989 
0.16 0.094777 0.317503 0.890034 
0.16 0.0753904 0.319584 0.857694 
0.12 0.0913232 0.349804 0.740656 
0.24 0.145291 0.285102 0.890034 
0.1 0.046731 0.343923 0.809484 
0.24 0.185528 0.282904 0.795023 
0.12 0.0613574 0.352064 0.777107 
0.16 0.112921 0.323156 0.740656 
0.16 0.0753904 0.319584 0.857694 
0.24 0.185528 0.282904 0.795023 
0.24 0.145291 0.285102 0.890034 
0.12 0.0913232 0.349804 0.740656 
0.16 0.112921 0.323156 0.740656 
0.12 0.0613574 0.352064 0.777107 
0.1 0.046731 0.343923 0.809484 
0.16 0.094777 0.317503 0.890034 
0.18 0.100651 0.312158 0.839989 
0.18 0.100651 0.312158 0.839989 
0.24 0.145291 0.285102 0.890034 
0.12 0.0613574 0.352064 0.777107 
0.24 0.185528 0.282904 0.795023 
0.16 0.112921 0.323156 0.740656 
0.12 0.0913232 0.349804 0.740656 
0.16 0.094777 0.317503 0.890034 
0.1 0.046731 0.343923 0.809484 
0.16 0.0753904 0.319584 0.857694 
0.16 0.094777 0.317503 0.890034 
0.16 0.112921 0.323156 0.740656 
0.12 0.0613574 0.352064 0.777107 
0.18 0.100651 0.312158 0.839989 
0.24 0.185528 0.282904 0.795023 
0.12 0.0913232 0.349804 0.740656 
0.24 0.145291 0.285102 0.890034 
0.16 0.0753904 0.319584 0.857694 
0.1 0.046731 0.343923 0.809484 
0.24 0.185528 0.282904 0.795023 
0.12 0.0913232 0.349804 0.740656 
0.12 0.0613574 0.352064 0.777107 
0.16 0.0753904 0.319584 0.857694 
0.1 0.046731 0.343923 0.809484 
0.16 0.094777 0.317503 0.890034 
0.16 0.112921 0.323156 0.740656 
0.24 0.145291 0.285102 0.890034 
0.18 0.100651 0.312158 0.839989 
0.16 0.094777 0.317503 0.890034 
0.12 0.0613574 0.352064 0.777107 
0.18 0.100651 0.312158 0.839989 
0.24 0.145291 0.285102 0.890034 
0.1 0.046731 0.343923 0.809484 
0.12 0.0913232 0.349804 0.740656 
0.16 0.0753904 0.319584 0.857694 
0.24 0.185528 0.282904 0.795023 
0.16 0.112921 0.323156 0.740656 
0.16 0.0753904 0.319584 0.857694 
0.12 0.0613574 0.352064 0.777107 
0.24 0.145291 0.285102 0.890034 
0.16 0.112921 0.323156 0.740656 
0.1 0.046731 0.343923 0.809484 
0.16 0.094777 0.317503 0.890034 
0.18 0.100651 0.312158 0.839989 
0.12 0.0913232 0.349804 0.740656 
0.24 0.185528 0.282904 0.795023 
0.18 0.100651 0.312158 0.839989 
0.16 0.112921 0.323156 0.740656 
0.24 0.185528 0.282904 0.795023 
0.1 0.046731 0.343923 0.809484 
0.16 0.094777 0.317503 0.890034 
0.24 0.145291 0.285102 0.890034 
0.16 0.0753904 0.319584 0.857694 
0.12 0.0613574 0.352064 0.777107 
0.12 0.0913232 0.349804 0.740656 
0.18 0.100651 0.312158 0.839989 
0.16 0.0753904 0.319584 0.857694 
0.16 0.094777 0.317503 0.890034 
0.1 0.046731 0.343923 0.809484 
0.16 0.112921 0.323156 0.740656 
0.24 0.185528 0.282904 0.795023 
0.12 0.0613574 0.352064 0.777107 
0.12 0.0913232 0.349804 0.740656 
0.24 0.145291 0.285102 0.890034 
0.12 0.0913232 0.349804 0.740656 
0.24 0.185528 0.282904 0.795023 
0.16 0.0753904 0.319584 0.857694 
0.12 0.0613574 0.352064 0.777107 
0.24 0.145291 0.285102 0.890034 
0.1 0.046731 0.343923 0.809484 
0.18 0.100651 0.312158 0.839989 
0.16 0.112921 0.323156 0.740656 
0.16 0.094777 0.317503 0.890034 
0.16 0.0753904 0.319584 0.857694 
0.12 0.0613574 0.352064 0.777107 
0.24 0.145291 0.285102 0.890034 
0.16 0.094777 0.317503 0.890034 
