0.2 0.0634238 0.331582 0.8375 
0.14 0.0981924 0.339571 0.750082 
0.18 0.0905547 0.327907 0.839989 
0.14 0.0915666 0.343364 0.839989 
0.3 0.207493 0.277803 0.895507 
0.16 0.055436 0.352196 0.839989 
0.22 0.146465 0.305001 0.818815 
0.2 0.0953406 0.317163 0.797191 
0.18 0.105429 0.327231 0.817441 
0.14 0.0474611 0.355011 0.839989 
0.14 0.0642691 0.347542 0.804351 
0.28 0.255454 0.285435 0.729399 
0.12 0.0845052 0.347554 0.839989 
0.16 0.0825798 0.333588 0.839989 
0.18 0.107546 0.321595 0.755309 
0.2 0.187112 0.303397 0.839989 
0.16 0.0995415 0.333154 0.839989 
0.14 0.0981924 0.339571 0.750082 
0.2 0.0634238 0.331582 0.8375 
0.12 0.0845052 0.347554 0.839989 
0.18 0.0905547 0.327907 0.839989 
0.16 0.0995415 0.333154 0.839989 
0.3 0.207493 0.277803 0.895507 
0.16 0.055436 0.352196 0.839989 
0.16 0.0825798 0.333588 0.839989 
0.14 0.0915666 0.343364 0.839989 
0.18 0.105429 0.327231 0.817441 
0.18 0.107546 0.321595 0.755309 
0.14 0.0642691 0.347542 0.804351 
0.2 0.187112 0.303397 0.839989 
0.22 0.146465 0.305001 0.818815 
0.28 0.255454 0.285435 0.729399 
0.2 0.0953406 0.317163 0.797191 
0.14 0.0474611 0.355011 0.839989 
0.14 0.0915666 0.343364 0.839989 
0.14 0.0981924 0.339571 0.750082 
0.14 0.0474611 0.355011 0.839989 
0.16 0.0825798 0.333588 0.839989 
0.2 0.0634238 0.331582 0.8375 
0.18 0.105429 0.327231 0.817441 
0.28 0.255454 0.285435 0.729399 
0.3 0.207493 0.277803 0.895507 
0.2 0.187112 0.303397 0.839989 
0.12 0.0845052 0.347554 0.839989 
0.18 0.107546 0.321595 0.755309 
0.18 0.0905547 0.327907 0.839989 
0.2 0.0953406 0.317163 0.797191 
0.14 0.0642691 0.347542 0.804351 
0.16 0.055436 0.352196 0.839989 
0.16 0.0995415 0.333154 0.839989 
0.22 0.146465 0.305001 0.818815 
0.18 0.105429 0.327231 0.817441 
0.2 0.0634238 0.331582 0.8375 
0.22 0.146465 0.305001 0.818815 
0.2 0.187112 0.303397 0.839989 
0.14 0.0474611 0.355011 0.839989 
0.14 0.0642691 0.347542 0.804351 
0.2 0.0953406 0.317163 0.797191 
0.12 0.0845052 0.347554 0.839989 
0.28 0.255454 0.285435 0.729399 
0.14 0.0915666 0.343364 0.839989 
0.16 0.055436 0.352196 0.839989 
0.3 0.207493 0.277803 0.895507 
0.18 0.107546 0.321595 0.755309 
0.14 0.0981924 0.339571 0.750082 
0.16 0.0825798 0.333588 0.839989 
0.18 0.0905547 0.327907 0.839989 
0.16 0.0995415 0.333154 0.839989 
0.14 0.0915666 0.343364 0.839989 
0.28 0.255454 0.285435 0.729399 
0.18 0.0905547 0.327907 0.839989 
0.14 0.0981924 0.339571 0.750082 
0.18 0.107546 0.321595 0.755309 
0.16 0.0825798 0.333588 0.839989 
0.14 0.0642691 0.347542 0.804351 
0.18 0.105429 0.327231 0.817441 
0.16 0.0995415 0.333154 0.839989 
0.2 0.0953406 0.317163 0.797191 
0.2 0.0634238 0.331582 0.8375 
0.14 0.0474611 0.355011 0.839989 
0.16 0.055436 0.352196 0.839989 
0.22 0.146465 0.305001 0.818815 
0.12 0.0845052 0.347554 0.839989 
0.2 0.187112 0.303397 0.839989 
0.3 0.207493 0.277803 0.895507 
0.16 0.055436 0.352196 0.839989 
0.2 0.0953406 0.317163 0.797191 
0.14 0.0981924 0.339571 0.750082 
0.28 0.255454 0.285435 0.729399 
0.3 0.207493 0.277803 0.895507 
0.18 0.0905547 0.327907 0.839989 
0.12 0.0845052 0.347554 0.839989 
0.18 0.107546 0.321595 0.755309 
0.2 0.0634238 0.331582 0.8375 
0.2 0.187112 0.303397 0.839989 
0.18 0.105429 0.327231 0.817441 
0.14 0.0474611 0.355011 0.839989 
0.22 0.146465 0.305001 0.818815 
0.14 0.0915666 0.343364 0.839989 
0.16 0.0995415 0.333154 0.839989 
0.14 0.0642691 0.347542 0.804351 
0.16 0.0825798 0.333588 0.839989 
0.14 0.0981924 0.339571 0.750082 
0.14 0.0474611 0.355011 0.839989 
0.22 0.146465 0.305001 0.818815 
0.28 0.255454 0.285435 0.729399 
0.14 0.0915666 0.343364 0.839989 
0.18 0.0905547 0.327907 0.839989 
0.16 0.0995415 0.333154 0.839989 
0.12 0.0845052 0.347554 0.839989 
0.2 0.0953406 0.317163 0.797191 
0.14 0.0642691 0.347542 0.804351 
