0.1 0.0451045 0.349574 0.944998 
0.14 0.0637738 0.329598 0.944998 
0.1 0.0545011 0.35326 0.759089 
0.12 0.0927918 0.334728 0.713022 
0.16 0.0808038 0.316689 0.795023 
0.22 0.137811 0.297329 0.906768 
0.12 0.0530794 0.351663 0.858384 
0.22 0.184478 0.294351 0.707562 
0.08 0.0329798 0.35722 0.944998 
0.14 0.091938 0.323789 0.759089 
0.1 0.0787418 0.349435 0.78277 
0.22 0.184478 0.294351 0.707562 
0.12 0.0927918 0.334728 0.713022 
0.1 0.0545011 0.35326 0.759089 
0.14 0.0637738 0.329598 0.944998 
0.12 0.0530794 0.351663 0.858384 
0.14 0.091938 0.323789 0.759089 
0.16 0.0808038 0.316689 0.795023 
0.22 0.137811 0.297329 0.906768 
0.08 0.0329798 0.35722 0.944998 
0.1 0.0787418 0.349435 0.78277 
0.1 0.0451045 0.349574 0.944998 
0.1 0.0787418 0.349435 0.78277 
0.1 0.0451045 0.349574 0.944998 
0.22 0.137811 0.297329 0.906768 
0.12 0.0530794 0.351663 0.858384 
0.16 0.0808038 0.316689 0.795023 
0.22 0.184478 0.294351 0.707562 
0.14 0.0637738 0.329598 0.944998 
0.08 0.0329798 0.35722 0.944998 
0.12 0.0927918 0.334728 0.713022 
0.14 0.091938 0.323789 0.759089 
0.1 0.0545011 0.35326 0.759089 
0.16 0.0808038 0.316689 0.795023 
0.1 0.0545011 0.35326 0.759089 
0.12 0.0530794 0.351663 0.858384 
0.22 0.184478 0.294351 0.707562 
0.1 0.0451045 0.349574 0.944998 
0.08 0.0329798 0.35722 0.944998 
0.14 0.0637738 0.329598 0.944998 
0.12 0.0927918 0.334728 0.713022 
0.22 0.137811 0.297329 0.906768 
0.14 0.091938 0.323789 0.759089 
0.1 0.0787418 0.349435 0.78277 
0.22 0.184478 0.294351 0.707562 
0.08 0.0329798 0.35722 0.944998 
0.1 0.0451045 0.349574 0.944998 
0.12 0.0530794 0.351663 0.858384 
0.12 0.0927918 0.334728 0.713022 
0.1 0.0545011 0.35326 0.759089 
0.14 0.091938 0.323789 0.759089 
0.14 0.0637738 0.329598 0.944998 
0.1 0.0787418 0.349435 0.78277 
0.22 0.137811 0.297329 0.906768 
0.16 0.0808038 0.316689 0.795023 
0.1 0.0787418 0.349435 0.78277 
0.22 0.184478 0.294351 0.707562 
0.16 0.0808038 0.316689 0.795023 
0.14 0.0637738 0.329598 0.944998 
0.22 0.137811 0.297329 0.906768 
0.08 0.0329798 0.35722 0.944998 
0.1 0.0451045 0.349574 0.944998 
0.1 0.0545011 0.35326 0.759089 
0.12 0.0927918 0.334728 0.713022 
0.14 0.091938 0.323789 0.759089 
0.12 0.0530794 0.351663 0.858384 
0.22 0.137811 0.297329 0.906768 
0.22 0.184478 0.294351 0.707562 
0.1 0.0787418 0.349435 0.78277 
0.1 0.0451045 0.349574 0.944998 
0.12 0.0530794 0.351663 0.858384 
0.14 0.0637738 0.329598 0.944998 
0.08 0.0329798 0.35722 0.944998 
0.1 0.0545011 0.35326 0.759089 
0.12 0.0927918 0.334728 0.713022 
0.14 0.091938 0.323789 0.759089 
0.16 0.0808038 0.316689 0.795023 
0.12 0.0927918 0.334728 0.713022 
0.14 0.0637738 0.329598 0.944998 
0.08 0.0329798 0.35722 0.944998 
0.22 0.137811 0.297329 0.906768 
0.1 0.0451045 0.349574 0.944998 
0.1 0.0787418 0.349435 0.78277 
0.14 0.091938 0.323789 0.759089 
0.1 0.0545011 0.35326 0.759089 
0.16 0.0808038 0.316689 0.795023 
0.22 0.184478 0.294351 0.707562 
0.12 0.0530794 0.351663 0.858384 
0.1 0.0451045 0.349574 0.944998 
0.12 0.0927918 0.334728 0.713022 
0.08 0.0329798 0.35722 0.944998 
0.22 0.184478 0.294351 0.707562 
0.22 0.137811 0.297329 0.906768 
0.12 0.0530794 0.351663 0.858384 
0.14 0.091938 0.323789 0.759089 
0.14 0.0637738 0.329598 0.944998 
0.1 0.0545011 0.35326 0.759089 
0.16 0.0808038 0.316689 0.795023 
0.1 0.0787418 0.349435 0.78277 
0.1 0.0451045 0.349574 0.944998 
0.22 0.137811 0.297329 0.906768 
0.22 0.184478 0.294351 0.707562 
0.1 0.0787418 0.349435 0.78277 
0.14 0.091938 0.323789 0.759089 
0.16 0.0808038 0.316689 0.795023 
0.12 0.0927918 0.334728 0.713022 
0.14 0.0637738 0.329598 0.944998 
0.12 0.0530794 0.351663 0.858384 
0.08 0.0329798 0.35722 0.944998 
0.1 0.0545011 0.35326 0.759089 
0.14 0.0637738 0.329598 0.944998 
0.08 0.0329798 0.35722 0.944998 
