0.38 0.364722 0.280115 0.900236 
0.46 0.519931 0.2694 0.881848 
0.4 0.416855 0.283216 0.824513 
0.38 0.410841 0.288034 0.858846 
0.42 0.413623 0.258732 0.872252 
0.5 0.522065 0.240467 0.872252 
0.34 0.385891 0.306571 0.861263 
0.32 0.322171 0.320433 0.896136 
0.38 0.358454 0.273868 0.881848 
0.42 0.473066 0.269529 0.876444 
0.38 0.420072 0.30453 0.881848 
0.4 0.448791 0.287095 0.896136 
0.42 0.360639 0.254482 0.851402 
0.34 0.309154 0.300456 0.93846 
0.38 0.364254 0.288523 0.896136 
0.4 0.416892 0.274976 0.872252 
0.4 0.43207 0.286217 0.904839 
0.46 0.453045 0.240165 0.896136 
0.42 0.431987 0.274537 0.844273 
0.38 0.35064 0.276674 0.824513 
0.42 0.466978 0.273649 0.900236 
0.4 0.395237 0.270868 0.896643 
0.36 0.322078 0.29104 0.858846 
0.44 0.420521 0.234198 0.851402 
0.44 0.477635 0.275988 0.936526 
0.34 0.336605 0.295432 0.825284 
0.46 0.441653 0.248673 0.881848 
0.36 0.329865 0.277098 0.861263 
0.36 0.444935 0.308254 0.876444 
0.4 0.414656 0.273209 0.881848 
0.36 0.321694 0.269187 0.861263 
0.42 0.412332 0.247748 0.861263 
0.4 0.392505 0.278097 0.900236 
0.38 0.306779 0.269885 0.862805 
0.42 0.38534 0.260975 0.861263 
0.36 0.314973 0.265073 0.872252 
0.32 0.308853 0.291533 0.820023 
0.34 0.387793 0.302616 0.93846 
0.4 0.421002 0.264767 0.896136 
0.42 0.397598 0.233411 0.861263 
0.36 0.320268 0.295579 0.844273 
0.34 0.337739 0.312276 0.831648 
0.42 0.397959 0.281081 0.835783 
0.42 0.429668 0.284143 0.854734 
0.38 0.388265 0.276142 0.861263 
0.36 0.358435 0.309316 0.900236 
0.32 0.301211 0.314082 0.876444 
0.44 0.492559 0.268201 0.93846 
0.38 0.41173 0.290184 0.881848 
0.38 0.46896 0.278759 0.881848 
0.34 0.320181 0.287982 0.900236 
0.4 0.37853 0.259735 0.872252 
0.42 0.477125 0.285828 0.896136 
0.42 0.44643 0.274238 0.881848 
0.42 0.3922 0.28314 0.881848 
0.36 0.363023 0.285219 0.872252 
0.4 0.409402 0.278668 0.93846 
0.34 0.336966 0.286018 0.872252 
0.38 0.379572 0.27855 0.904839 
0.38 0.417304 0.306778 0.881848 
0.38 0.305358 0.283179 0.858793 
0.4 0.389997 0.277921 0.824513 
0.36 0.324342 0.316894 0.851172 
0.44 0.463164 0.264174 0.881848 
0.38 0.297202 0.298664 0.861263 
0.46 0.455665 0.265332 0.872252 
0.44 0.478259 0.246121 0.881848 
0.44 0.422169 0.282443 0.896643 
0.44 0.511205 0.288335 0.881848 
0.38 0.409818 0.285268 0.936526 
0.44 0.501775 0.267287 0.861263 
0.36 0.407217 0.298738 0.881848 
0.38 0.354894 0.280639 0.896136 
0.44 0.424738 0.253773 0.861263 
0.4 0.40456 0.279316 0.861263 
0.38 0.44967 0.286172 0.881848 
0.42 0.445759 0.266857 0.872252 
0.4 0.387807 0.23993 0.872252 
0.44 0.445087 0.272352 0.904839 
0.36 0.32224 0.291863 0.835783 
0.44 0.432746 0.252254 0.861263 
0.36 0.364944 0.273477 0.881848 
0.36 0.432413 0.258022 0.896136 
0.4 0.34103 0.260334 0.858846 
0.44 0.474028 0.256028 0.896136 
0.48 0.513732 0.252606 0.881848 
0.44 0.443231 0.275285 0.844273 
0.46 0.44655 0.241994 0.858793 
0.42 0.427974 0.251035 0.900236 
0.38 0.446647 0.30695 0.896643 
0.44 0.450568 0.275619 0.881848 
0.44 0.496813 0.256632 0.881848 
0.4 0.377938 0.26536 0.896136 
0.44 0.450388 0.262611 0.858793 
0.42 0.429131 0.271073 0.900236 
0.48 0.563115 0.254118 0.835783 
0.38 0.322004 0.270917 0.881848 
0.44 0.474283 0.271217 0.900236 
0.42 0.420627 0.264617 0.900236 
0.38 0.474015 0.281597 0.835783 
0.4 0.40187 0.309842 0.876444 
0.4 0.393866 0.284652 0.881848 
0.38 0.395894 0.267535 0.851402 
0.38 0.384701 0.259401 0.861263 
0.4 0.393269 0.279394 0.881848 
0.4 0.455591 0.297132 0.881848 
0.36 0.307182 0.296076 0.900236 
0.4 0.468895 0.263996 0.851402 
0.36 0.363199 0.301839 0.881848 
0.38 0.334262 0.288258 0.872252 
0.36 0.400764 0.303286 0.896136 
0.38 0.332198 0.294186 0.858846 
0.4 0.379655 0.279035 0.881848 
0.38 0.391422 0.294194 0.936526 
0.4 0.339201 0.25013 0.862805 
0.44 0.465474 0.248804 0.861263 
0.36 0.373401 0.312895 0.881848 
0.36 0.33017 0.280388 0.851402 
0.36 0.349094 0.298422 0.881848 
0.3 0.29448 0.337302 0.872252 
0.38 0.286411 0.28419 0.824513 
0.44 0.374832 0.278175 0.861263 
0.42 0.425326 0.260055 0.862805 
0.4 0.407115 0.294257 0.881848 
0.38 0.357408 0.294041 0.936526 
0.44 0.464793 0.252218 0.896136 
0.32 0.297017 0.30374 0.900236 
0.42 0.455285 0.262137 0.824513 
0.36 0.405069 0.278184 0.861263 
0.4 0.38215 0.274595 0.904839 
0.36 0.346506 0.298206 0.872252 
0.34 0.398713 0.302372 0.936526 
0.38 0.42815 0.299521 0.900236 
0.42 0.366087 0.285373 0.861263 
0.4 0.423664 0.258784 0.861263 
0.4 0.399134 0.283472 0.936526 
0.36 0.354755 0.299577 0.896643 
0.38 0.373781 0.276591 0.824513 
0.36 0.351455 0.295274 0.816218 
0.32 0.315959 0.316046 0.858793 
0.42 0.464196 0.260725 0.861263 
0.3 0.298271 0.291528 0.851402 
0.38 0.42527 0.290331 0.881848 
0.44 0.436741 0.269938 0.881848 
0.42 0.434825 0.278239 0.772408 
0.44 0.454785 0.267081 0.896136 
0.42 0.373864 0.276886 0.824513 
0.4 0.388335 0.263873 0.861263 
0.36 0.368957 0.331407 0.896643 
0.36 0.341192 0.304052 0.843973 
0.42 0.467724 0.252908 0.872252 
0.44 0.387052 0.256412 0.861263 
0.46 0.435871 0.258558 0.876444 
0.44 0.490753 0.272388 0.904839 
0.36 0.406208 0.305979 0.900236 
0.38 0.377405 0.280679 0.900236 
0.38 0.384733 0.30994 0.861263 
0.42 0.438408 0.258023 0.858793 
0.4 0.385326 0.244937 0.900236 
0.42 0.51345 0.286245 0.904839 
0.44 0.432714 0.251103 0.824513 
0.36 0.326467 0.297381 0.872252 
0.42 0.465418 0.274817 0.896643 
0.34 0.389265 0.302949 0.861263 
0.38 0.369161 0.288764 0.861263 
0.4 0.366791 0.286327 0.900236 
0.4 0.365023 0.304361 0.936526 
0.44 0.507849 0.27783 0.881848 
0.44 0.474477 0.255887 0.872252 
0.4 0.470015 0.264207 0.881848 
0.44 0.414207 0.26066 0.858793 
0.36 0.379169 0.297458 0.896136 
0.44 0.485685 0.289268 0.82225 
0.36 0.375063 0.305796 0.861263 
0.32 0.368161 0.284738 0.896136 
0.44 0.456512 0.260663 0.881848 
0.34 0.24574 0.282811 0.851402 
0.36 0.292378 0.276217 0.93846 
0.36 0.341914 0.296491 0.872252 
0.42 0.482328 0.27357 0.881848 
0.36 0.339262 0.305773 0.872252 
0.42 0.330318 0.264252 0.896136 
0.42 0.392191 0.257476 0.872252 
0.38 0.421965 0.262946 0.881848 
0.4 0.483523 0.308314 0.770673 
0.32 0.332244 0.328205 0.936526 
0.38 0.320343 0.291692 0.896643 
0.38 0.442537 0.291296 0.904839 
0.4 0.386326 0.278467 0.851402 
0.4 0.385733 0.283916 0.900236 
0.42 0.383044 0.246165 0.861263 
0.42 0.459701 0.264742 0.861263 
0.36 0.301308 0.295534 0.831648 
0.44 0.485425 0.276953 0.896136 
0.46 0.55445 0.25435 0.861263 
0.38 0.413304 0.293643 0.896136 
0.42 0.455665 0.274306 0.93846 
0.4 0.386835 0.275235 0.900236 
0.44 0.457285 0.27656 0.824513 
0.34 0.322764 0.293543 0.93846 
0.42 0.47638 0.284029 0.904839 
0.44 0.463678 0.267759 0.881848 
0.36 0.335188 0.30323 0.900236 
0.38 0.416419 0.296511 0.872252 
0.36 0.34995 0.294582 0.772408 
0.4 0.409031 0.266715 0.93846 
0.44 0.474098 0.253904 0.861263 
0.38 0.423993 0.280925 0.861263 
0.42 0.467437 0.282544 0.851172 
0.4 0.385969 0.294104 0.858846 
0.44 0.497211 0.260926 0.93846 
0.36 0.330304 0.302581 0.872252 
0.4 0.391131 0.277794 0.936526 
0.46 0.548659 0.249477 0.896136 
0.4 0.355621 0.255911 0.770481 
0.32 0.241486 0.306054 0.904839 
0.38 0.40967 0.284138 0.851402 
0.34 0.39576 0.302046 0.872252 
0.44 0.49629 0.274214 0.858846 
0.36 0.352515 0.278464 0.861263 
0.4 0.41267 0.299083 0.900236 
0.36 0.346988 0.283622 0.881848 
0.3 0.324152 0.322462 0.881848 
0.36 0.3708 0.300754 0.900236 
0.44 0.48668 0.275991 0.858793 
0.38 0.364143 0.265122 0.861263 
0.42 0.468015 0.250894 0.872252 
0.38 0.410781 0.293402 0.93846 
0.34 0.379155 0.313612 0.851402 
0.48 0.431404 0.230532 0.861263 
0.36 0.416961 0.299145 0.881848 
0.36 0.358264 0.312495 0.881848 
0.36 0.394357 0.299001 0.936526 
0.44 0.413174 0.270228 0.824513 
0.42 0.378859 0.264302 0.881848 
0.32 0.325231 0.297264 0.824513 
0.38 0.433954 0.300045 0.900236 
0.36 0.361296 0.265515 0.900236 
0.4 0.393885 0.279901 0.881848 
0.38 0.292253 0.298317 0.82225 
0.44 0.449559 0.27117 0.851172 
0.38 0.381437 0.297577 0.900236 
0.44 0.386127 0.251095 0.900236 
0.4 0.401129 0.252348 0.881848 
0.36 0.325328 0.295311 0.881848 
0.38 0.402814 0.252906 0.862805 
0.36 0.380461 0.288587 0.861263 
0.32 0.369735 0.307539 0.93846 
0.42 0.428487 0.238904 0.862805 
0.34 0.335952 0.305219 0.896643 
0.44 0.423298 0.262007 0.872252 
0.36 0.336466 0.292825 0.900236 
0.38 0.333188 0.301052 0.936526 
0.34 0.303571 0.311143 0.861263 
0.4 0.369855 0.300419 0.872252 
0.34 0.279139 0.283079 0.904839 
0.38 0.379951 0.266938 0.772408 
0.4 0.362602 0.27147 0.896136 
0.44 0.414332 0.263883 0.900236 
0.44 0.450707 0.249929 0.82225 
0.38 0.354274 0.291559 0.881848 
0.38 0.425951 0.260119 0.896136 
0.36 0.352751 0.280972 0.900236 
0.36 0.397968 0.301504 0.896643 
0.38 0.347177 0.279926 0.872252 
0.36 0.361444 0.301114 0.93846 
0.42 0.399079 0.251411 0.876444 
0.38 0.3527 0.279156 0.861263 
0.38 0.321861 0.295047 0.900236 
0.34 0.290008 0.286089 0.851402 
0.38 0.361023 0.27591 0.835783 
0.4 0.501479 0.301866 0.858846 
0.4 0.395292 0.26841 0.772408 
0.44 0.412508 0.284726 0.861263 
0.34 0.372466 0.298631 0.851402 
0.38 0.351163 0.304448 0.896136 
0.4 0.405254 0.270153 0.881848 
0.38 0.364749 0.293622 0.861263 
0.42 0.451096 0.27708 0.881848 
0.44 0.442356 0.266062 0.881848 
0.4 0.425293 0.284123 0.881848 
0.34 0.322514 0.292411 0.858846 
0.34 0.281861 0.299758 0.900236 
0.36 0.353834 0.291934 0.872252 
0.4 0.385071 0.280163 0.881848 
0.38 0.452846 0.276593 0.772408 
0.42 0.483194 0.282357 0.881848 
0.36 0.311765 0.28656 0.844273 

