0.42 0.409504 0.237686 0.824513 
0.46 0.452225 0.251118 0.896136 
0.32 0.328994 0.317329 0.872252 
0.4 0.440616 0.284588 0.881848 
0.38 0.386289 0.296368 0.900236 
0.42 0.308821 0.264547 0.858793 
0.46 0.516991 0.256562 0.93846 
0.46 0.520986 0.268843 0.93846 
0.4 0.448096 0.289161 0.881848 
0.34 0.347284 0.297937 0.825284 
0.4 0.381053 0.266748 0.858846 
0.38 0.436547 0.256838 0.896136 
0.46 0.471584 0.257688 0.881848 
0.32 0.322824 0.320543 0.936526 
0.44 0.385909 0.249718 0.872252 
0.46 0.483 0.255811 0.900236 
0.36 0.371346 0.323197 0.835783 
0.36 0.291304 0.283441 0.858793 
0.4 0.438875 0.297974 0.936526 
0.38 0.411457 0.311342 0.936526 
0.38 0.374609 0.269432 0.881848 
0.38 0.370378 0.277627 0.896136 
0.36 0.326888 0.299625 0.93846 
0.32 0.30871 0.333904 0.93846 
0.46 0.459373 0.245314 0.881848 
0.38 0.370101 0.29152 0.772408 
0.42 0.446809 0.276589 0.757185 
0.4 0.483546 0.281086 0.872252 
0.36 0.346881 0.306013 0.881848 
0.38 0.417993 0.297499 0.896136 
0.4 0.447749 0.292604 0.881848 
0.38 0.331906 0.247085 0.824513 
0.38 0.376267 0.292144 0.900236 
0.36 0.422053 0.296566 0.896136 
0.42 0.345418 0.272087 0.896643 
0.4 0.393686 0.271338 0.861263 
0.38 0.433589 0.286946 0.896136 
0.4 0.371818 0.26512 0.851402 
0.42 0.38084 0.286553 0.851402 
0.38 0.396496 0.292308 0.93846 
0.38 0.358685 0.280057 0.858846 
0.38 0.358977 0.287675 0.851402 
0.38 0.370425 0.291374 0.896136 
0.36 0.407573 0.289482 0.862805 
0.42 0.406041 0.272908 0.881848 
0.4 0.390728 0.274947 0.881848 
0.46 0.420049 0.238264 0.824513 
0.4 0.364208 0.274763 0.872252 
0.38 0.414443 0.265771 0.858793 
0.38 0.488092 0.287092 0.861263 
0.4 0.371471 0.299934 0.881848 
0.38 0.347298 0.271874 0.900236 
0.36 0.30421 0.304136 0.900236 
0.4 0.400727 0.300559 0.851402 
0.4 0.392269 0.28087 0.900236 
0.38 0.373873 0.297151 0.820023 
0.4 0.449281 0.292246 0.93846 
0.44 0.387187 0.250697 0.861263 
0.4 0.424358 0.24621 0.861263 
0.38 0.345881 0.292622 0.900236 
0.4 0.359801 0.245464 0.851172 
0.4 0.428585 0.281515 0.936526 
0.34 0.376095 0.296177 0.881848 
0.46 0.512371 0.239639 0.835783 
0.46 0.446374 0.272839 0.861263 
0.46 0.516241 0.269764 0.825284 
0.34 0.31495 0.304293 0.900236 
0.34 0.364851 0.32125 0.904839 
0.36 0.38951 0.289493 0.93846 
0.42 0.378901 0.250196 0.93846 
0.42 0.328152 0.26477 0.93846 
0.34 0.382266 0.3007 0.881848 
0.38 0.403009 0.303399 0.93846 
0.36 0.398894 0.293464 0.861263 
0.42 0.427409 0.255724 0.825284 
0.34 0.340461 0.310918 0.93846 
0.4 0.3537 0.270399 0.93846 
0.38 0.397172 0.289666 0.858793 
0.4 0.46309 0.274646 0.851402 
0.46 0.46427 0.259326 0.861263 
0.4 0.508668 0.290875 0.858846 
0.4 0.4785 0.259798 0.858846 
0.44 0.448383 0.255961 0.858793 
0.4 0.452832 0.279475 0.881848 
0.38 0.457942 0.294366 0.881848 
0.36 0.330952 0.30127 0.881848 
0.34 0.312566 0.276196 0.872252 
0.36 0.357283 0.315873 0.881848 
0.4 0.480231 0.280671 0.858846 
0.36 0.355514 0.299567 0.881848 
0.34 0.338924 0.290806 0.896643 
0.4 0.383872 0.2701 0.881848 
0.4 0.392737 0.285529 0.881848 
0.4 0.422132 0.274591 0.900236 
0.42 0.42458 0.266747 0.881848 
0.34 0.343349 0.295468 0.896136 
0.38 0.404212 0.288011 0.844273 
0.42 0.432302 0.275726 0.876444 
0.44 0.456655 0.250109 0.881848 
0.42 0.424719 0.256595 0.824513 
0.44 0.391108 0.255299 0.824513 
0.4 0.394491 0.271161 0.93846 
0.4 0.402902 0.263398 0.900236 
0.42 0.445416 0.271877 0.936526 
0.36 0.383956 0.300426 0.896136 
0.38 0.393468 0.266377 0.904839 
0.42 0.414762 0.240505 0.82225 
0.38 0.33342 0.29659 0.861263 
0.42 0.429404 0.285956 0.900236 
0.38 0.338572 0.269425 0.824513 
0.36 0.371716 0.293566 0.851402 
0.42 0.425377 0.244321 0.851402 
0.42 0.497563 0.272727 0.862805 
0.38 0.350547 0.268973 0.900236 
0.4 0.39831 0.256386 0.872252 
0.42 0.462317 0.259472 0.835783 
0.36 0.386724 0.305547 0.825284 
0.38 0.411226 0.288442 0.772408 
0.36 0.353186 0.272004 0.851402 
0.36 0.400352 0.318177 0.881848 
0.36 0.337975 0.298207 0.851402 
0.42 0.417058 0.285133 0.896643 
0.44 0.48961 0.27792 0.896136 
0.5 0.530119 0.22984 0.77196 
0.4 0.431149 0.27918 0.872252 
0.4 0.403268 0.27247 0.881848 
0.42 0.420891 0.263169 0.881848 
0.38 0.390172 0.306251 0.904839 
0.34 0.316718 0.280595 0.872252 
0.34 0.338803 0.305769 0.844273 
0.44 0.425117 0.259875 0.835783 
0.42 0.437982 0.282274 0.900236 
0.3 0.322796 0.315471 0.881848 
0.36 0.427511 0.300146 0.881848 
0.42 0.425682 0.278888 0.851402 
0.4 0.404717 0.261971 0.900236 
0.44 0.504187 0.276255 0.858793 
0.44 0.415105 0.244246 0.858793 
0.4 0.345988 0.274631 0.896643 
0.42 0.407078 0.269742 0.881848 
0.4 0.331392 0.283306 0.858793 
0.4 0.429173 0.295192 0.881848 
0.32 0.261576 0.322109 0.851402 
0.42 0.35363 0.282805 0.876444 
0.34 0.378882 0.315043 0.896136 
0.46 0.530707 0.259834 0.896136 
0.4 0.394149 0.2763 0.861263 
0.38 0.364453 0.267389 0.896136 
0.44 0.398579 0.258939 0.858793 
0.44 0.46727 0.259423 0.881848 
0.36 0.390131 0.295027 0.896136 
0.38 0.407221 0.316002 0.824513 
0.36 0.386423 0.310482 0.900236 
0.38 0.406851 0.298716 0.896643 
0.36 0.448411 0.306215 0.896136 
0.38 0.413721 0.278616 0.896643 
0.4 0.360745 0.265435 0.872252 
0.44 0.484666 0.268629 0.881848 
0.48 0.503557 0.243829 0.835783 
0.44 0.423034 0.25819 0.861263 
0.36 0.440565 0.305821 0.881848 
0.36 0.40063 0.27951 0.876444 
0.44 0.49429 0.264153 0.881848 
0.42 0.426937 0.272647 0.772408 
0.48 0.501192 0.243353 0.896136 
0.42 0.417155 0.281244 0.896136 
0.4 0.436445 0.271921 0.872252 
0.42 0.425062 0.283995 0.824513 
0.42 0.416651 0.267812 0.876444 
0.44 0.499975 0.271103 0.824513 
0.44 0.463178 0.261241 0.820023 
0.38 0.369948 0.272172 0.861263 
0.36 0.384293 0.285462 0.900236 
0.36 0.408777 0.291348 0.93846 
0.4 0.426094 0.287708 0.872252 
0.36 0.4239 0.298357 0.881848 
0.36 0.389973 0.284176 0.900236 
0.34 0.330739 0.280071 0.900236 
0.4 0.360393 0.285508 0.896136 
0.46 0.534022 0.283777 0.881848 
0.4 0.354038 0.280588 0.835783 
0.44 0.436945 0.256238 0.896136 
0.34 0.278144 0.282845 0.851402 
0.38 0.412545 0.301986 0.861263 
0.36 0.383141 0.291704 0.861263 
0.42 0.426275 0.263004 0.861263 
0.36 0.343849 0.296352 0.835783 
0.48 0.467946 0.256761 0.858793 
0.48 0.465941 0.242503 0.861263 
0.34 0.30802 0.290934 0.854734 
0.34 0.340206 0.32081 0.858846 
0.4 0.434177 0.285919 0.896136 
0.4 0.460711 0.258621 0.851402 
0.46 0.473561 0.235919 0.861263 
0.44 0.545951 0.262112 0.772408 
0.42 0.420187 0.271996 0.896136 
0.44 0.446971 0.253108 0.881848 
0.38 0.447444 0.255743 0.896136 
0.34 0.372087 0.301051 0.861263 
0.4 0.463752 0.287587 0.854734 
0.4 0.420586 0.27173 0.881848 
0.36 0.398181 0.294934 0.93846 
0.42 0.3439 0.263342 0.900236 
0.44 0.378137 0.229542 0.861263 
0.44 0.515774 0.262775 0.881848 
0.4 0.379581 0.263059 0.872252 
0.34 0.351353 0.285749 0.77196 
0.44 0.46147 0.28142 0.858793 
0.38 0.380424 0.279045 0.851402 
0.36 0.355963 0.296672 0.851402 
0.38 0.430621 0.283284 0.896136 
0.4 0.398269 0.301044 0.844273 
0.4 0.350191 0.271216 0.82225 
0.38 0.361403 0.296025 0.900236 
0.34 0.370661 0.312945 0.896136 
0.34 0.358695 0.319319 0.825284 
0.38 0.407397 0.283674 0.936526 
0.46 0.424701 0.264848 0.881848 
0.42 0.474158 0.293633 0.904839 
0.4 0.446953 0.296781 0.858846 
0.38 0.378789 0.272257 0.896643 
0.4 0.508279 0.270142 0.904839 
0.34 0.356084 0.300681 0.93846 
0.34 0.36624 0.294341 0.835783 
0.42 0.469223 0.288468 0.861263 
0.32 0.241417 0.322907 0.896136 
0.42 0.441977 0.26064 0.896136 
0.5 0.535429 0.225546 0.881848 
0.4 0.367944 0.270697 0.872252 
0.38 0.393204 0.258781 0.817822 
0.4 0.393894 0.270347 0.851172 
0.38 0.407522 0.276168 0.835783 
0.36 0.327976 0.296446 0.851402 
0.38 0.416447 0.279583 0.900236 
0.36 0.336179 0.271535 0.817822 
0.44 0.458239 0.264653 0.881848 
0.44 0.446115 0.280097 0.896643 
0.36 0.372823 0.250168 0.862805 
0.38 0.34184 0.269793 0.872252 
0.44 0.463548 0.25658 0.881848 
0.38 0.452063 0.272586 0.881848 
0.36 0.374799 0.32413 0.858846 
0.44 0.429733 0.238891 0.881848 
0.38 0.301701 0.30378 0.896643 
0.46 0.537591 0.266467 0.858846 
0.44 0.472732 0.265094 0.881848 
0.36 0.33673 0.286461 0.851402 
0.4 0.447059 0.274783 0.881848 
0.44 0.432598 0.253749 0.835783 
0.4 0.378526 0.281873 0.881848 
0.36 0.373702 0.311715 0.858846 
0.4 0.362421 0.26836 0.93846 
0.34 0.353603 0.309399 0.851402 
0.38 0.308029 0.289273 0.896643 
0.36 0.366684 0.295104 0.881848 
0.4 0.362412 0.272016 0.896136 
0.46 0.501396 0.252553 0.861263 
0.36 0.331966 0.290275 0.900236 
0.36 0.455711 0.292035 0.881848 
0.4 0.374758 0.29763 0.936526 
0.34 0.382539 0.288219 0.861263 
0.32 0.350594 0.30458 0.851402 
0.4 0.317861 0.26394 0.93846 
0.4 0.366601 0.282484 0.844273 
0.42 0.33704 0.269765 0.93846 
0.32 0.336845 0.328538 0.861263 
0.34 0.372415 0.302487 0.881848 
0.42 0.391047 0.254257 0.900236 
0.42 0.45523 0.240232 0.896136 
0.36 0.368156 0.298684 0.858846 
0.44 0.390098 0.253219 0.844273 
0.32 0.281421 0.298078 0.851402 
0.4 0.40874 0.291408 0.772408 
0.42 0.448791 0.282592 0.896136 
0.42 0.435903 0.275497 0.900236 
0.4 0.368448 0.293174 0.936526 
0.46 0.500988 0.245094 0.858846 
0.32 0.275362 0.32887 0.861263 
0.42 0.401028 0.274541 0.862805 
0.36 0.339479 0.285413 0.900236 
0.4 0.313232 0.26425 0.858793 
0.4 0.428575 0.290312 0.900236 
0.36 0.399051 0.310418 0.896643 
0.42 0.401185 0.289317 0.93846 
0.44 0.496017 0.282605 0.900236 
0.36 0.321241 0.310909 0.936526 
0.42 0.460831 0.262175 0.881848 
0.36 0.399903 0.306565 0.896136 

