0.44 0.433862 0.260456 0.896136 
0.46 0.450591 0.255902 0.835783 
0.38 0.381984 0.292135 0.752125 
0.32 0.355598 0.335254 0.93846 
0.36 0.346622 0.301058 0.900236 
0.32 0.311307 0.292589 0.862805 
0.4 0.40106 0.287925 0.803752 
0.34 0.27832 0.291431 0.900236 
0.44 0.512191 0.281139 0.709001 
0.4 0.335244 0.265696 0.900236 
0.44 0.419785 0.28431 0.772408 
0.38 0.398588 0.297758 0.876444 
0.42 0.402041 0.278 0.872252 
0.4 0.457757 0.285445 0.881848 
0.44 0.469362 0.283991 0.881848 
0.3 0.257864 0.325728 0.93846 
0.36 0.331415 0.29849 0.896136 
0.34 0.250804 0.315917 0.825284 
0.42 0.449758 0.250121 0.851402 
0.42 0.423562 0.273144 0.93846 
0.44 0.44855 0.266028 0.93846 
0.4 0.384585 0.29143 0.900236 
0.44 0.48661 0.277528 0.861263 
0.44 0.484328 0.247838 0.881848 
0.34 0.39282 0.318917 0.881848 
0.38 0.429835 0.302169 0.904839 
0.46 0.481713 0.253906 0.881848 
0.4 0.390034 0.255181 0.851402 
0.42 0.448513 0.280597 0.835783 
0.44 0.481254 0.253926 0.900236 
0.5 0.532286 0.243082 0.824513 
0.42 0.394487 0.286461 0.858846 
0.34 0.396542 0.306712 0.900236 
0.34 0.427418 0.306906 0.861263 
0.42 0.376669 0.240904 0.861263 
0.4 0.464474 0.274807 0.881848 
0.36 0.374193 0.32828 0.904839 
0.38 0.368212 0.294234 0.851402 
0.46 0.389149 0.225942 0.858793 
0.34 0.404458 0.313621 0.872252 
0.4 0.430844 0.253043 0.851402 
0.4 0.414545 0.292605 0.896643 
0.4 0.4259 0.249237 0.862805 
0.4 0.381238 0.271541 0.93846 
0.46 0.441273 0.246756 0.93846 
0.4 0.332522 0.254082 0.858793 
0.48 0.483893 0.265726 0.881848 
0.38 0.397588 0.288315 0.861263 
0.44 0.441616 0.231596 0.835783 
0.38 0.410962 0.285553 0.851402 
0.46 0.437093 0.244631 0.872252 
0.4 0.396996 0.290171 0.881848 
0.4 0.322523 0.286246 0.872252 
0.46 0.43033 0.227744 0.896136 
0.36 0.338799 0.276889 0.900236 
0.34 0.322097 0.306955 0.861263 
0.4 0.381919 0.269239 0.851402 
0.42 0.431024 0.262018 0.824513 
0.36 0.385298 0.290922 0.896136 
0.34 0.396662 0.308249 0.900236 
0.42 0.490508 0.27345 0.93846 
0.38 0.389159 0.304059 0.900236 
0.38 0.398088 0.260737 0.807312 
0.38 0.433778 0.282836 0.872252 
0.46 0.459109 0.237318 0.770481 
0.36 0.339401 0.293682 0.851172 
0.36 0.346173 0.275599 0.831648 
0.42 0.443143 0.256607 0.772408 
0.44 0.40362 0.248545 0.858793 
0.44 0.477084 0.276707 0.896136 
0.42 0.484523 0.258368 0.872252 
0.32 0.267497 0.286983 0.900236 
0.38 0.33959 0.294345 0.900236 
0.42 0.402736 0.281276 0.872252 
0.42 0.466034 0.269721 0.861263 
0.38 0.390066 0.282733 0.896136 
0.46 0.447712 0.229759 0.861263 
0.38 0.38508 0.282178 0.858846 
0.42 0.452938 0.263373 0.851402 
0.38 0.435065 0.278708 0.896136 
0.36 0.312251 0.274845 0.900236 
0.42 0.412188 0.242946 0.770673 
0.44 0.496424 0.257877 0.881848 
0.42 0.457086 0.290883 0.881848 
0.38 0.367744 0.273807 0.904839 
0.42 0.393737 0.26611 0.851402 
0.36 0.314556 0.294438 0.900236 
0.38 0.441944 0.300101 0.93846 
0.36 0.377711 0.294819 0.896136 
0.38 0.442611 0.283232 0.881848 
0.44 0.446249 0.279746 0.82225 
0.46 0.497248 0.225643 0.77196 
0.38 0.422391 0.278862 0.872252 
0.4 0.425729 0.290009 0.936526 
0.38 0.384923 0.294245 0.861263 
0.32 0.349598 0.321452 0.896136 
0.28 0.252961 0.330124 0.861263 
0.36 0.349566 0.29671 0.900236 
0.4 0.414702 0.279047 0.862805 
0.4 0.407883 0.265132 0.896136 
0.44 0.396815 0.2611 0.851402 
0.4 0.377322 0.274407 0.858846 
0.42 0.478357 0.258507 0.900236 
0.38 0.429469 0.293995 0.851402 
0.42 0.390635 0.280968 0.93846 
0.36 0.317917 0.298559 0.881848 
0.34 0.277537 0.312725 0.93846 
0.46 0.451337 0.234573 0.896136 
0.36 0.39538 0.292081 0.900236 
0.34 0.400935 0.300715 0.900236 
0.38 0.322217 0.296217 0.881848 
0.44 0.452401 0.254985 0.817822 
0.38 0.392848 0.285038 0.896136 
0.4 0.400847 0.265229 0.93846 
0.38 0.352556 0.289321 0.900236 
0.38 0.385381 0.284865 0.835783 
0.42 0.394348 0.259793 0.881848 
0.42 0.429376 0.283251 0.851402 
0.44 0.425766 0.261853 0.862805 
0.34 0.366958 0.314122 0.936526 
0.36 0.354445 0.288843 0.900236 
0.38 0.412406 0.29571 0.861263 
0.42 0.371522 0.29139 0.93846 
0.36 0.32056 0.28576 0.93846 
0.38 0.466363 0.301561 0.900236 
0.38 0.354635 0.284589 0.896136 
0.34 0.331276 0.297359 0.876444 
0.38 0.414813 0.298983 0.861263 
0.44 0.506252 0.275862 0.881848 
0.42 0.472052 0.284191 0.851402 
0.46 0.530527 0.24519 0.861263 
0.36 0.31906 0.29276 0.854734 
0.4 0.440398 0.297321 0.861263 
0.38 0.361268 0.263248 0.835783 
0.4 0.344127 0.269761 0.900236 
0.4 0.48168 0.297096 0.881848 
0.42 0.431445 0.280646 0.896136 
0.32 0.38602 0.319841 0.904839 
0.4 0.444648 0.300906 0.881848 
0.46 0.498391 0.257565 0.881848 
0.48 0.518037 0.257868 0.881848 
0.42 0.447129 0.255271 0.861263 
0.42 0.38109 0.248458 0.861263 
0.44 0.443861 0.271515 0.851172 
0.42 0.486624 0.287546 0.858793 
0.36 0.413573 0.302676 0.896136 
0.4 0.428034 0.280852 0.825284 
0.42 0.494309 0.271597 0.881848 
0.4 0.424395 0.279546 0.896136 
0.4 0.388645 0.288807 0.896643 
0.4 0.386247 0.270999 0.896136 
0.42 0.402453 0.267994 0.881848 
0.4 0.450115 0.285401 0.896136 
0.34 0.354491 0.280962 0.904839 
0.38 0.29685 0.260909 0.858793 
0.4 0.453036 0.279125 0.896136 
0.38 0.325064 0.281899 0.881848 
0.36 0.323361 0.293539 0.876444 
0.34 0.385766 0.302401 0.896136 
0.42 0.396223 0.27508 0.858846 
0.36 0.398454 0.30246 0.872252 
0.38 0.442615 0.288329 0.881848 
0.46 0.469441 0.28099 0.896136 
0.38 0.428441 0.303518 0.896136 
0.4 0.356394 0.26423 0.861263 
0.42 0.391904 0.261195 0.896136 
0.42 0.408851 0.253177 0.861263 
0.4 0.44518 0.276765 0.904839 
0.36 0.356625 0.292562 0.872252 
0.38 0.311395 0.284168 0.900236 
0.46 0.543775 0.26297 0.93846 
0.4 0.351131 0.262135 0.824513 
0.34 0.345099 0.290801 0.900236 
0.38 0.282824 0.28624 0.861263 
0.4 0.436783 0.288154 0.881848 
0.38 0.296706 0.289246 0.851402 
0.44 0.441546 0.28395 0.896643 
0.44 0.399556 0.265819 0.872252 
0.42 0.432376 0.26648 0.881848 
0.36 0.335591 0.277148 0.896136 
0.38 0.355667 0.268692 0.936526 
0.38 0.375998 0.286133 0.858846 
0.42 0.433788 0.282337 0.861263 
0.42 0.455873 0.292118 0.858793 
0.44 0.481912 0.260571 0.82225 
0.36 0.299882 0.2851 0.900236 
0.38 0.432663 0.28363 0.861263 
0.38 0.462622 0.286482 0.862805 
0.4 0.388821 0.295371 0.93846 
0.34 0.292128 0.291814 0.862805 
0.38 0.410503 0.273756 0.851402 
0.4 0.411318 0.273054 0.896136 
0.44 0.451369 0.269216 0.881848 
0.42 0.408318 0.279901 0.858846 
0.42 0.510834 0.263502 0.872252 
0.36 0.340799 0.290672 0.900236 
0.36 0.37754 0.312079 0.858846 
0.36 0.433121 0.289326 0.825284 
0.42 0.470288 0.288151 0.900236 
0.3 0.323662 0.337999 0.904839 
0.36 0.329582 0.289836 0.896136 
0.4 0.406694 0.292263 0.858793 
0.36 0.427409 0.305174 0.881848 
0.44 0.471371 0.239197 0.835783 
0.38 0.35214 0.262925 0.851402 
0.42 0.40755 0.296763 0.881848 
0.44 0.553158 0.253964 0.835783 
0.4 0.407758 0.28382 0.881848 
0.36 0.337979 0.321018 0.896643 
0.42 0.418317 0.272299 0.861263 
0.44 0.464983 0.262839 0.861263 
0.32 0.331989 0.30411 0.93846 
0.36 0.343928 0.291031 0.851402 
0.38 0.332633 0.27198 0.93846 
0.48 0.52156 0.259007 0.861263 
0.34 0.33985 0.280832 0.896136 
0.32 0.297891 0.322644 0.93846 
0.4 0.422798 0.26783 0.851402 
0.4 0.397972 0.282486 0.93846 
0.36 0.365485 0.279844 0.817822 
0.36 0.382891 0.287885 0.93846 
0.44 0.433811 0.259286 0.881848 
0.36 0.397278 0.278609 0.900236 
0.44 0.481028 0.258118 0.896136 
0.4 0.347076 0.249319 0.861263 
0.4 0.374123 0.281752 0.861263 
0.4 0.389774 0.285058 0.896136 
0.44 0.398361 0.272034 0.900236 
0.36 0.327953 0.302286 0.851172 
0.46 0.446263 0.242284 0.872252 
0.4 0.510575 0.286676 0.881848 
0.4 0.324726 0.26743 0.854734 
0.44 0.445407 0.267406 0.881848 
0.38 0.368244 0.270047 0.896136 
0.36 0.345048 0.305245 0.876444 
0.36 0.344622 0.266781 0.896136 
0.42 0.437343 0.266704 0.861263 
0.4 0.401199 0.262904 0.896643 
0.34 0.355977 0.301549 0.900236 
0.38 0.391705 0.283854 0.862805 
0.44 0.48125 0.239669 0.851402 
0.38 0.44942 0.293248 0.872252 
0.36 0.348353 0.289509 0.861263 
0.3 0.282477 0.315834 0.858846 
0.4 0.459507 0.271398 0.896136 
0.42 0.40437 0.25095 0.862805 
0.46 0.49703 0.257023 0.858793 
0.4 0.37841 0.271039 0.772408 
0.4 0.414887 0.273312 0.858793 
0.36 0.405453 0.282616 0.896136 
0.38 0.355325 0.26652 0.900236 
0.4 0.445768 0.2627 0.872252 
0.4 0.378229 0.262144 0.900236 
0.42 0.50814 0.252806 0.881848 
0.38 0.37367 0.263866 0.872252 
0.36 0.340933 0.304085 0.876444 
0.42 0.391779 0.283221 0.881848 
0.38 0.410601 0.277876 0.82225 
0.38 0.437366 0.314156 0.881848 
0.44 0.397769 0.268838 0.861263 
0.34 0.369217 0.288368 0.872252 
0.48 0.535558 0.224361 0.770673 
0.34 0.306474 0.316775 0.900236 
0.38 0.400699 0.300292 0.900236 
0.42 0.467626 0.280612 0.872252 
0.38 0.38191 0.284713 0.861263 
0.38 0.321356 0.294759 0.896136 
0.4 0.451138 0.29152 0.896136 
0.32 0.343539 0.304507 0.861263 
0.36 0.364587 0.284199 0.861263 
0.42 0.372119 0.242316 0.896136 
0.42 0.354116 0.261936 0.858793 
0.34 0.370827 0.290472 0.862805 
0.34 0.363879 0.278369 0.820023 
0.42 0.405731 0.263538 0.858793 
0.38 0.346849 0.288989 0.872252 
0.46 0.478426 0.248086 0.858793 
0.44 0.500002 0.270382 0.862805 
0.42 0.478084 0.281195 0.876444 
0.4 0.382882 0.282621 0.881848 
0.44 0.504951 0.287811 0.881848 
0.38 0.371318 0.312332 0.900236 
0.4 0.440014 0.265314 0.881848 
0.36 0.364986 0.295662 0.900236 
0.4 0.39338 0.266984 0.904839 
0.4 0.497618 0.281989 0.858846 
0.48 0.459285 0.229382 0.858793 
0.46 0.464863 0.266265 0.82225 

