0.4 0.409504 0.287914 0.881848 
0.38 0.370522 0.296277 0.851402 
0.42 0.371494 0.275725 0.900236 
0.38 0.355718 0.258121 0.872252 
0.36 0.327152 0.306446 0.861263 
0.46 0.480949 0.229321 0.896136 
0.4 0.348747 0.289089 0.876444 
0.52 0.567027 0.234913 0.881848 
0.4 0.354913 0.268037 0.936526 
0.4 0.360588 0.297472 0.881848 
0.42 0.41978 0.257989 0.824513 
0.36 0.35414 0.280064 0.896136 
0.34 0.294864 0.312478 0.896643 
0.38 0.316917 0.292204 0.861263 
0.4 0.423493 0.264323 0.82225 
0.44 0.454947 0.272178 0.824513 
0.3 0.221511 0.321146 0.900236 
0.4 0.448328 0.271202 0.858793 
0.42 0.40487 0.279038 0.835783 
0.32 0.316075 0.31869 0.896136 
0.36 0.364254 0.304358 0.851402 
0.42 0.45572 0.288304 0.881848 
0.36 0.375952 0.30303 0.851402 
0.4 0.397477 0.281657 0.772408 
0.36 0.375457 0.280784 0.904839 
0.34 0.364699 0.297366 0.858846 
0.42 0.453364 0.25066 0.816218 
0.38 0.428413 0.301173 0.904839 
0.34 0.31794 0.321513 0.872252 
0.42 0.481398 0.304528 0.896643 
0.34 0.373309 0.272713 0.861263 
0.42 0.455827 0.272212 0.861263 
0.36 0.386034 0.309206 0.858846 
0.38 0.424729 0.275447 0.881848 
0.4 0.36593 0.272817 0.858793 
0.4 0.366439 0.284437 0.861263 
0.4 0.40505 0.283574 0.896136 
0.36 0.347339 0.291264 0.896643 
0.38 0.392556 0.286013 0.872252 
0.4 0.346224 0.269864 0.844273 
0.38 0.349427 0.284523 0.872252 
0.38 0.3952 0.295456 0.900236 
0.32 0.254808 0.305286 0.861263 
0.38 0.433672 0.312973 0.900236 
0.4 0.415484 0.268738 0.835783 
0.36 0.363791 0.306266 0.858846 
0.46 0.476801 0.289609 0.881848 
0.38 0.34608 0.278457 0.900236 
0.4 0.442472 0.297862 0.900236 
0.46 0.535947 0.245338 0.93846 
0.3 0.282402 0.338473 0.900236 
0.38 0.371355 0.295737 0.861263 
0.44 0.467821 0.251014 0.881848 
0.4 0.354408 0.262177 0.900236 
0.38 0.361912 0.303041 0.861263 
0.34 0.366444 0.30632 0.900236 
0.42 0.417197 0.286809 0.896643 
0.4 0.411281 0.275686 0.900236 
0.4 0.388835 0.262226 0.900236 
0.36 0.348038 0.286412 0.900236 
0.38 0.362213 0.291825 0.824513 
0.32 0.31969 0.300625 0.900236 
0.42 0.483865 0.253548 0.82225 
0.44 0.465479 0.266665 0.881848 
0.42 0.428474 0.276328 0.861263 
0.44 0.553288 0.279734 0.896136 
0.4 0.345479 0.268806 0.772408 
0.46 0.462243 0.256375 0.858793 
0.36 0.388325 0.316633 0.861263 
0.38 0.395422 0.306759 0.851402 
0.36 0.349927 0.300069 0.896643 
0.42 0.479616 0.293396 0.858846 
0.44 0.481606 0.265463 0.881848 
0.42 0.384164 0.279341 0.825284 
0.38 0.327166 0.291047 0.881848 
0.44 0.49235 0.280511 0.896136 
0.38 0.358861 0.267334 0.93846 
0.42 0.422034 0.278995 0.93846 
0.38 0.414359 0.27905 0.904839 
0.4 0.38403 0.26685 0.881848 
0.42 0.423428 0.276268 0.824513 
0.4 0.362231 0.257745 0.872252 
0.44 0.462632 0.246997 0.872252 
0.4 0.388464 0.265422 0.858793 
0.38 0.339729 0.292447 0.900236 
0.42 0.387839 0.245825 0.862805 
0.36 0.419137 0.317283 0.881848 
0.36 0.391894 0.297251 0.936526 
0.36 0.350918 0.283865 0.835783 
0.36 0.303636 0.268084 0.900236 
0.42 0.43744 0.259143 0.807312 
0.44 0.51632 0.266923 0.858793 
0.4 0.430344 0.273938 0.858846 
0.48 0.527439 0.246475 0.881848 
0.42 0.457017 0.272392 0.851402 
0.4 0.390973 0.28978 0.858793 
0.36 0.36481 0.275901 0.896643 
0.34 0.338382 0.283729 0.820023 
0.36 0.286064 0.305833 0.93846 
0.34 0.391186 0.303753 0.904839 
0.4 0.424247 0.277797 0.896136 
0.34 0.298512 0.297803 0.93846 
0.38 0.431371 0.282974 0.900236 
0.38 0.381761 0.281107 0.93846 
0.42 0.414693 0.253192 0.876444 
0.36 0.397278 0.322954 0.896136 
0.42 0.407888 0.275037 0.904839 
0.4 0.438269 0.275353 0.900236 
0.38 0.377225 0.269906 0.872252 
0.48 0.574461 0.236363 0.872252 
0.44 0.395575 0.275818 0.858846 
0.38 0.358496 0.294556 0.896643 
0.36 0.356107 0.303173 0.900236 
0.42 0.508867 0.26693 0.872252 
0.44 0.409721 0.256495 0.861263 
0.32 0.282449 0.314685 0.900236 
0.4 0.399375 0.246758 0.861263 
0.38 0.425039 0.276231 0.858846 
0.42 0.471145 0.28796 0.896136 
0.38 0.377118 0.286644 0.936526 
0.38 0.394561 0.275799 0.900236 
0.36 0.328934 0.286362 0.831648 
0.44 0.478042 0.281773 0.824513 
0.42 0.404467 0.271298 0.82225 
0.36 0.251221 0.277839 0.843973 
0.44 0.420599 0.270993 0.900236 
0.38 0.438398 0.308854 0.900236 
0.4 0.459234 0.275326 0.861263 
0.42 0.430089 0.270539 0.861263 
0.4 0.393075 0.278274 0.896136 
0.36 0.364949 0.307083 0.896643 
0.44 0.467247 0.247585 0.858793 
0.4 0.368967 0.267867 0.861263 
0.4 0.481116 0.275571 0.904839 
0.44 0.513163 0.261575 0.881848 
0.4 0.381627 0.274069 0.872252 
0.38 0.437945 0.293592 0.904839 
0.42 0.435376 0.264541 0.872252 
0.44 0.44924 0.255487 0.881848 
0.38 0.350862 0.273413 0.904839 
0.46 0.466094 0.244724 0.881848 
0.48 0.507932 0.218794 0.861263 
0.4 0.414262 0.258347 0.770673 
0.36 0.337503 0.294051 0.824513 
0.44 0.486323 0.283795 0.904839 
0.44 0.456868 0.255633 0.872252 
0.46 0.487073 0.257546 0.881848 
0.42 0.401704 0.265077 0.881848 
0.3 0.268122 0.313308 0.896136 
0.46 0.481069 0.245557 0.858793 
0.4 0.400014 0.281647 0.896136 
0.36 0.371073 0.291972 0.900236 
0.36 0.423493 0.292243 0.861263 
0.42 0.377063 0.270247 0.858793 
0.44 0.500456 0.23298 0.68575 
0.38 0.396343 0.273715 0.824513 
0.38 0.435885 0.284862 0.904839 
0.42 0.413239 0.271381 0.896643 
0.32 0.317653 0.289474 0.872252 
0.4 0.416382 0.306174 0.854734 
0.36 0.370985 0.283419 0.861263 
0.38 0.377706 0.291694 0.82225 
0.4 0.438121 0.26103 0.807312 
0.34 0.311209 0.313791 0.851402 
0.44 0.400481 0.26159 0.825284 
0.42 0.489652 0.267141 0.861263 
0.4 0.402889 0.283637 0.936526 
0.4 0.395542 0.292781 0.861263 
0.4 0.444032 0.282314 0.896136 
0.42 0.398148 0.254685 0.770481 
0.36 0.45117 0.305553 0.896136 
0.4 0.410679 0.258714 0.872252 
0.42 0.436774 0.295695 0.876444 
0.38 0.438213 0.301317 0.881848 
0.38 0.346159 0.268433 0.861263 
0.36 0.295068 0.274686 0.851172 
0.3 0.252105 0.32742 0.896136 
0.42 0.479338 0.276131 0.862805 
0.48 0.564564 0.241956 0.881848 
0.38 0.41797 0.285504 0.876444 
0.4 0.363592 0.304697 0.858846 
0.38 0.391482 0.301441 0.851402 
0.34 0.346761 0.290328 0.854734 
0.46 0.479338 0.253348 0.881848 
0.42 0.399759 0.244741 0.82225 
0.46 0.529323 0.263861 0.858793 
0.4 0.409878 0.289057 0.881848 
0.44 0.536128 0.270352 0.881848 
0.42 0.442384 0.248426 0.861263 
0.36 0.339354 0.273147 0.861263 
0.38 0.410503 0.27302 0.872252 
0.44 0.415994 0.256341 0.896136 
0.42 0.468575 0.267642 0.876444 
0.44 0.41647 0.267618 0.93846 
0.46 0.465182 0.233689 0.881848 
0.44 0.563301 0.269465 0.881848 
0.42 0.442166 0.275574 0.844273 
0.36 0.338368 0.268885 0.858793 
0.4 0.400912 0.270844 0.858793 
0.48 0.473195 0.209744 0.861263 
0.4 0.375521 0.275855 0.861263 
0.38 0.398653 0.28554 0.881848 
0.4 0.344488 0.282912 0.851172 
0.42 0.368022 0.270024 0.872252 
0.44 0.446671 0.249095 0.825284 
0.42 0.449443 0.270032 0.881848 
0.42 0.360194 0.252325 0.862805 
0.42 0.382122 0.278723 0.896136 
0.36 0.386557 0.317264 0.881848 
0.36 0.353853 0.313245 0.861263 
0.32 0.273311 0.295288 0.872252 
0.44 0.481398 0.249577 0.881848 
0.38 0.320426 0.279289 0.861263 
0.4 0.407133 0.271649 0.861263 
0.34 0.225516 0.29434 0.900236 
0.44 0.483264 0.254852 0.881848 
0.4 0.432663 0.270518 0.862805 
0.4 0.363282 0.284947 0.851172 
0.38 0.389784 0.280003 0.896643 
0.36 0.377919 0.313274 0.851402 
0.38 0.382155 0.306782 0.851402 
0.32 0.345928 0.317338 0.872252 
0.4 0.392797 0.270255 0.851172 
0.36 0.357107 0.308207 0.861263 
0.36 0.406842 0.279396 0.900236 
0.36 0.38939 0.297314 0.836028 
0.34 0.393056 0.320554 0.836028 
0.38 0.385053 0.287543 0.896136 
0.4 0.351936 0.281299 0.770481 
0.34 0.308085 0.292662 0.896643 
0.38 0.333739 0.274633 0.851402 
0.38 0.365624 0.278724 0.851402 
0.46 0.416262 0.260448 0.862805 
0.38 0.33997 0.267707 0.876444 
0.38 0.34839 0.266834 0.858793 
0.38 0.393255 0.303766 0.872252 
0.42 0.398435 0.268413 0.861263 
0.36 0.359338 0.297361 0.896136 
0.4 0.415063 0.240455 0.861263 
0.42 0.425469 0.257848 0.824513 
0.38 0.376109 0.275597 0.862805 
0.4 0.421248 0.290897 0.904839 
0.42 0.426548 0.285291 0.896136 
0.4 0.332624 0.281347 0.904839 
0.36 0.36137 0.306268 0.896643 
0.38 0.380433 0.262975 0.861263 
0.4 0.422016 0.266598 0.896136 
0.36 0.407893 0.307586 0.881848 
0.44 0.481347 0.273442 0.881848 
0.36 0.407846 0.301652 0.858793 
0.4 0.484032 0.275612 0.876444 
0.42 0.382377 0.249277 0.881848 
0.4 0.444046 0.286575 0.861263 
0.38 0.370036 0.294695 0.851402 
0.34 0.328527 0.291486 0.851402 
0.38 0.359986 0.261738 0.851402 
0.42 0.374244 0.265125 0.824513 
0.44 0.478246 0.266466 0.881848 
0.44 0.431682 0.255058 0.861263 
0.42 0.48112 0.275937 0.851402 
0.34 0.316635 0.310979 0.896643 
0.34 0.345502 0.316062 0.904839 
0.48 0.499512 0.24247 0.861263 
0.42 0.433431 0.261981 0.881848 
0.4 0.395218 0.283811 0.824513 
0.36 0.395653 0.312444 0.876444 
0.42 0.373133 0.251704 0.862805 
0.42 0.467895 0.248348 0.862805 
0.3 0.337146 0.328102 0.900236 
0.36 0.3391 0.261624 0.93846 
0.42 0.469927 0.280217 0.861263 
0.4 0.383113 0.270102 0.851402 
0.38 0.406652 0.262581 0.861263 
0.42 0.393052 0.260862 0.858846 
0.4 0.399833 0.277737 0.881848 
0.44 0.523708 0.277774 0.881848 
0.34 0.296679 0.306524 0.858793 
0.4 0.439324 0.28015 0.896136 
0.4 0.391765 0.307265 0.904839 
0.36 0.360829 0.297793 0.872252 
0.38 0.432232 0.283348 0.872252 
0.42 0.451888 0.283428 0.858793 
0.46 0.421896 0.251748 0.881848 
0.34 0.371999 0.316299 0.824513 
0.42 0.441236 0.272447 0.900236 
0.44 0.453184 0.269692 0.872252 
0.36 0.35551 0.296899 0.900236 
0.34 0.310038 0.301973 0.93846 

