0.4 0.435357 0.289642 0.900236 
0.38 0.403435 0.292857 0.881848 
0.38 0.391024 0.277881 0.900236 
0.44 0.489235 0.278921 0.896643 
0.36 0.403398 0.304854 0.904839 
0.42 0.406323 0.281824 0.896136 
0.4 0.46477 0.284039 0.881848 
0.46 0.499012 0.260288 0.881848 
0.44 0.43395 0.260249 0.824513 
0.36 0.361713 0.297911 0.772408 
0.38 0.380285 0.290574 0.851172 
0.48 0.544793 0.256668 0.900236 
0.38 0.443398 0.270124 0.872252 
0.38 0.387932 0.296516 0.881848 
0.44 0.403995 0.278019 0.854734 
0.34 0.33336 0.315387 0.900236 
0.38 0.392103 0.280387 0.896136 
0.4 0.337989 0.276306 0.900236 
0.4 0.411415 0.27669 0.836028 
0.46 0.447235 0.229141 0.844273 
0.38 0.381766 0.280263 0.896136 
0.3 0.307043 0.340724 0.900236 
0.38 0.376114 0.287847 0.876444 
0.44 0.463664 0.258655 0.861263 
0.44 0.470626 0.280385 0.896643 
0.38 0.48717 0.310755 0.900236 
0.4 0.415359 0.272314 0.858793 
0.42 0.427293 0.254415 0.881848 
0.44 0.439227 0.255496 0.824513 
0.34 0.249096 0.293197 0.936526 
0.32 0.349205 0.317831 0.900236 
0.4 0.380766 0.243225 0.772408 
0.42 0.408638 0.257407 0.896136 
0.42 0.471135 0.256558 0.904839 
0.4 0.479995 0.287699 0.881848 
0.4 0.416345 0.275616 0.896136 
0.44 0.446735 0.263711 0.872252 
0.4 0.398968 0.274069 0.825284 
0.4 0.374623 0.255141 0.93846 
0.4 0.381359 0.261018 0.772408 
0.38 0.44674 0.289392 0.820023 
0.36 0.319 0.292998 0.900236 
0.38 0.427964 0.289078 0.881848 
0.36 0.407133 0.27394 0.851402 
0.38 0.349594 0.307062 0.851172 
0.44 0.410888 0.241165 0.876444 
0.36 0.357408 0.289465 0.851402 
0.36 0.40075 0.293347 0.904839 
0.38 0.410684 0.284896 0.851172 
0.34 0.325073 0.317874 0.861263 
0.34 0.368647 0.300556 0.900236 
0.42 0.335614 0.269946 0.824513 
0.44 0.391658 0.250681 0.82225 
0.46 0.527522 0.256311 0.77196 
0.42 0.382497 0.279022 0.896136 
0.4 0.414929 0.296949 0.872252 
0.32 0.312672 0.309315 0.825284 
0.4 0.37959 0.286241 0.896643 
0.38 0.421965 0.286045 0.93846 
0.36 0.374762 0.308949 0.858793 
0.36 0.345386 0.283211 0.900236 
0.4 0.392538 0.273152 0.858846 
0.34 0.3723 0.305239 0.896136 
0.44 0.432408 0.245143 0.824513 
0.44 0.467659 0.267808 0.900236 
0.4 0.359796 0.269005 0.861263 
0.4 0.399111 0.26719 0.93846 
0.34 0.327268 0.31097 0.904839 
0.38 0.412809 0.276669 0.858846 
0.3 0.266687 0.340605 0.881848 
0.46 0.507312 0.253271 0.881848 
0.44 0.479769 0.245543 0.881848 
0.42 0.455933 0.273223 0.77196 
0.44 0.449633 0.246407 0.896136 
0.4 0.386691 0.287686 0.904839 
0.4 0.429441 0.271748 0.825284 
0.46 0.517422 0.265553 0.896136 
0.44 0.485953 0.261575 0.896136 
0.38 0.433496 0.289678 0.881848 
0.4 0.369142 0.247344 0.824513 
0.42 0.454531 0.28328 0.896643 
0.28 0.292318 0.311465 0.896136 
0.38 0.376905 0.27142 0.900236 
0.36 0.391834 0.28794 0.772408 
0.32 0.289693 0.303275 0.93846 
0.38 0.378748 0.269695 0.881848 
0.38 0.40674 0.277399 0.844273 
0.42 0.46171 0.282824 0.851402 
0.5 0.625918 0.247278 0.872252 
0.4 0.42196 0.265252 0.825284 
0.44 0.471084 0.253423 0.851402 
0.38 0.424682 0.263101 0.872252 
0.46 0.481245 0.240951 0.858793 
0.42 0.529217 0.284865 0.881848 
0.4 0.463261 0.283985 0.872252 
0.42 0.462178 0.268015 0.881848 
0.38 0.436042 0.287076 0.896136 
0.44 0.474075 0.249348 0.861263 
0.42 0.430677 0.265518 0.881848 
0.38 0.354968 0.293438 0.861263 
0.38 0.500942 0.294412 0.881848 
0.42 0.461104 0.290245 0.872252 
0.36 0.296757 0.283506 0.861263 
0.36 0.329369 0.268561 0.93846 
0.34 0.301743 0.301076 0.93846 
0.38 0.455896 0.285448 0.876444 
0.32 0.283523 0.321842 0.93846 
0.36 0.399912 0.305868 0.858846 
0.36 0.378225 0.299125 0.900236 
0.34 0.293924 0.289463 0.900236 
0.36 0.333091 0.282502 0.861263 
0.4 0.465872 0.272575 0.858846 
0.4 0.35588 0.281828 0.858846 
0.44 0.514589 0.289708 0.872252 
0.42 0.532508 0.280536 0.861263 
0.36 0.294022 0.274356 0.861263 
0.4 0.457567 0.25869 0.896136 
0.34 0.335461 0.30218 0.900236 
0.4 0.425631 0.281084 0.861263 
0.44 0.396565 0.264001 0.896136 
0.34 0.289596 0.287009 0.872252 
0.32 0.274843 0.307878 0.876444 
0.44 0.502173 0.243871 0.861263 
0.36 0.350571 0.296073 0.876444 
0.34 0.316519 0.300946 0.900236 
0.38 0.377035 0.279594 0.844273 
0.46 0.53566 0.237298 0.881848 
0.38 0.317209 0.251906 0.831648 
0.4 0.439477 0.287195 0.835783 
0.36 0.343701 0.304453 0.861263 
0.4 0.385307 0.283693 0.936526 
0.36 0.379998 0.305987 0.876444 
0.4 0.44893 0.276084 0.896136 
0.4 0.368258 0.280308 0.904839 
0.38 0.397537 0.302547 0.858846 
0.36 0.337475 0.284928 0.896136 
0.38 0.434334 0.294812 0.881848 
0.36 0.312061 0.283756 0.93846 
0.36 0.373429 0.272079 0.854734 
0.38 0.380877 0.282959 0.851402 
0.38 0.366939 0.293156 0.896136 
0.34 0.339887 0.306851 0.900236 
0.44 0.441815 0.257463 0.835783 
0.44 0.432718 0.270946 0.93846 
0.44 0.413744 0.257321 0.861263 
0.44 0.434519 0.257647 0.900236 
0.38 0.334142 0.28493 0.904839 
0.38 0.43407 0.275264 0.835783 
0.44 0.495295 0.270314 0.896643 
0.36 0.372036 0.295315 0.872252 
0.4 0.40374 0.263136 0.93846 
0.4 0.438847 0.279859 0.896136 
0.38 0.365638 0.292261 0.851402 
0.44 0.444796 0.252337 0.844273 
0.38 0.447249 0.299296 0.904839 
0.38 0.408249 0.288755 0.862805 
0.48 0.516996 0.235706 0.896136 
0.48 0.45591 0.255866 0.858793 
0.42 0.469848 0.273421 0.896136 
0.42 0.398222 0.276618 0.825284 
0.48 0.458989 0.261694 0.82225 
0.3 0.233626 0.331986 0.861263 
0.4 0.424331 0.267881 0.896136 
0.38 0.4279 0.298574 0.772408 
0.4 0.445393 0.281025 0.851402 
0.48 0.539243 0.240445 0.861263 
0.34 0.324699 0.301848 0.817822 
0.42 0.407879 0.291412 0.936526 
0.44 0.523277 0.280987 0.858846 
0.4 0.452587 0.285558 0.862805 
0.42 0.391209 0.261829 0.93846 
0.38 0.375544 0.314709 0.835783 
0.4 0.43195 0.262999 0.862805 
0.44 0.47245 0.283365 0.881848 
0.42 0.387784 0.276989 0.881848 
0.4 0.433339 0.26655 0.881848 
0.38 0.402565 0.309773 0.936526 
0.32 0.353464 0.326302 0.904839 
0.44 0.450078 0.264352 0.824513 
0.46 0.523768 0.246698 0.861263 
0.36 0.390441 0.292715 0.858846 
0.38 0.45704 0.286989 0.881848 
0.4 0.402148 0.253687 0.900236 
0.38 0.363916 0.283617 0.858846 
0.4 0.431469 0.274381 0.881848 
0.44 0.482398 0.241313 0.861263 
0.36 0.371508 0.3006 0.881848 
0.38 0.330031 0.301264 0.881848 
0.34 0.364611 0.311113 0.93846 
0.42 0.438685 0.271418 0.872252 
0.42 0.350191 0.251945 0.772408 
0.4 0.468298 0.300559 0.881848 
0.4 0.416438 0.281951 0.881848 
0.36 0.326379 0.278193 0.896136 
0.46 0.50477 0.239461 0.896136 
0.44 0.422946 0.266982 0.843973 
0.42 0.393584 0.256668 0.824513 
0.42 0.356598 0.258753 0.881848 
0.38 0.35127 0.264752 0.851402 
0.4 0.463136 0.282714 0.872252 
0.42 0.353973 0.265105 0.896643 
0.38 0.469409 0.289983 0.851402 
0.36 0.301655 0.294933 0.862805 
0.32 0.290383 0.288252 0.900236 
0.44 0.526101 0.249457 0.861263 
0.46 0.468849 0.273807 0.824513 
0.38 0.439139 0.291334 0.858846 
0.46 0.500262 0.236455 0.881848 
0.4 0.433931 0.281746 0.881848 
0.4 0.446157 0.278452 0.872252 
0.38 0.406768 0.264492 0.896643 
0.42 0.467228 0.268433 0.881848 
0.4 0.351191 0.255367 0.861263 
0.4 0.412799 0.283191 0.900236 
0.4 0.392691 0.29086 0.851402 
0.42 0.457887 0.26875 0.872252 
0.42 0.389654 0.278223 0.881848 
0.36 0.330332 0.270975 0.861263 
0.36 0.341988 0.294658 0.816218 
0.38 0.404689 0.290117 0.858846 
0.3 0.334035 0.330563 0.896136 
0.4 0.465261 0.275634 0.896136 
0.42 0.442328 0.246255 0.817822 
0.4 0.471524 0.284544 0.872252 
0.4 0.455896 0.279004 0.904839 
0.38 0.438958 0.283942 0.900236 
0.4 0.412605 0.254885 0.861263 
0.38 0.372563 0.252121 0.861263 
0.46 0.480546 0.249631 0.858793 
0.4 0.41878 0.269223 0.862805 
0.38 0.3882 0.276209 0.861263 
0.34 0.376406 0.323773 0.896136 
0.38 0.393848 0.294313 0.93846 
0.3 0.287096 0.317717 0.831648 
0.36 0.364949 0.304309 0.900236 
0.34 0.351552 0.301459 0.851172 
0.42 0.463229 0.276215 0.854734 
0.38 0.353853 0.278482 0.858846 
0.42 0.434311 0.274976 0.861263 
0.42 0.477755 0.281296 0.881848 
0.4 0.355871 0.257289 0.900236 
0.38 0.40331 0.262992 0.861263 
0.4 0.443953 0.287322 0.876444 
0.36 0.376234 0.300232 0.900236 
0.4 0.358833 0.274715 0.835783 
0.32 0.331614 0.317423 0.851402 
0.4 0.392413 0.234765 0.807312 
0.42 0.446365 0.274123 0.861263 
0.36 0.387117 0.286449 0.900236 
0.36 0.411304 0.306293 0.904839 
0.42 0.415137 0.264445 0.882777 
0.38 0.394565 0.261102 0.824513 
0.34 0.331712 0.322517 0.904839 
0.38 0.39102 0.291983 0.896136 
0.42 0.459405 0.257275 0.858846 
0.4 0.395644 0.260067 0.872252 
0.4 0.409337 0.262926 0.900236 
0.48 0.477417 0.244618 0.881848 
0.48 0.465886 0.251825 0.772408 
0.48 0.544363 0.254841 0.881848 
0.36 0.321676 0.291998 0.93846 
0.4 0.363824 0.244164 0.816218 
0.42 0.523763 0.26723 0.872252 
0.42 0.452383 0.263602 0.900236 
0.38 0.308825 0.276066 0.900236 
0.4 0.43595 0.28312 0.881848 
0.4 0.396658 0.255363 0.858846 
0.36 0.376831 0.283739 0.844273 
0.38 0.298595 0.261014 0.896136 
0.46 0.471066 0.260905 0.881848 
0.38 0.405643 0.284922 0.881848 
0.44 0.494387 0.26172 0.881848 
0.5 0.553033 0.246441 0.881848 
0.44 0.47519 0.273024 0.896643 
0.3 0.263794 0.321868 0.900236 
0.4 0.37542 0.277224 0.851402 
0.32 0.32087 0.286646 0.900236 
0.44 0.408865 0.231695 0.858793 
0.44 0.481449 0.263358 0.881848 
0.38 0.367707 0.2916 0.861263 
0.36 0.456095 0.290224 0.851402 
0.42 0.413179 0.26051 0.896136 
0.42 0.407161 0.26242 0.93846 
0.38 0.337646 0.302658 0.900236 
0.44 0.447022 0.256201 0.881848 
0.34 0.309071 0.299994 0.900236 
0.4 0.389922 0.250894 0.900236 
0.4 0.37336 0.271629 0.858846 

