0.42 0.436889 0.283662 0.858846 
0.42 0.501933 0.269987 0.904839 
0.42 0.382942 0.253958 0.881848 
0.32 0.358708 0.314485 0.835783 
0.42 0.488434 0.280959 0.896136 
0.4 0.457294 0.283105 0.872252 
0.42 0.439528 0.26729 0.881848 
0.44 0.389538 0.250726 0.835783 
0.34 0.281231 0.299828 0.900236 
0.4 0.381826 0.2814 0.858793 
0.4 0.418285 0.260052 0.881848 
0.38 0.34396 0.275003 0.858846 
0.4 0.453934 0.271975 0.900236 
0.32 0.329855 0.280601 0.858846 
0.38 0.432306 0.299544 0.872252 
0.34 0.285249 0.305159 0.900236 
0.4 0.405286 0.277252 0.900236 
0.36 0.414693 0.287789 0.900236 
0.46 0.469784 0.253856 0.881848 
0.4 0.452401 0.272578 0.93846 
0.36 0.394186 0.308689 0.861263 
0.4 0.421187 0.277352 0.862805 
0.4 0.365398 0.269356 0.851402 
0.44 0.544321 0.259465 0.881848 
0.36 0.387307 0.286804 0.824513 
0.42 0.43744 0.258536 0.896136 
0.34 0.307599 0.281117 0.900236 
0.42 0.410786 0.27198 0.896136 
0.34 0.298859 0.294091 0.93846 
0.42 0.453549 0.261964 0.900236 
0.4 0.387673 0.261605 0.835783 
0.38 0.413179 0.277718 0.861263 
0.4 0.362018 0.283679 0.862805 
0.4 0.397773 0.286589 0.896136 
0.34 0.325009 0.28725 0.835783 
0.36 0.417674 0.289344 0.851402 
0.4 0.3804 0.288893 0.900236 
0.38 0.350848 0.276134 0.861263 
0.36 0.439681 0.302543 0.858846 
0.36 0.342354 0.264206 0.858793 
0.38 0.398246 0.299637 0.93846 
0.42 0.461923 0.278684 0.93846 
0.42 0.309571 0.250474 0.858793 
0.4 0.425451 0.26396 0.900236 
0.36 0.270848 0.290435 0.896643 
0.32 0.325328 0.292325 0.862805 
0.32 0.32325 0.278956 0.861263 
0.4 0.421886 0.273702 0.862805 
0.4 0.344594 0.290693 0.858793 
0.4 0.409786 0.287286 0.896136 
0.4 0.441032 0.291611 0.900236 
0.44 0.396732 0.265118 0.824513 
0.4 0.386798 0.272321 0.881848 
0.38 0.379845 0.303883 0.851402 
0.32 0.302858 0.302256 0.904839 
0.36 0.373198 0.291406 0.861263 
0.34 0.392385 0.306941 0.861263 
0.34 0.272612 0.305538 0.896643 
0.42 0.407569 0.283463 0.824513 
0.42 0.461035 0.286741 0.896136 
0.34 0.397079 0.318443 0.900236 
0.34 0.353454 0.302592 0.936526 
0.4 0.403601 0.303678 0.851402 
0.42 0.450064 0.287953 0.881848 
0.42 0.506256 0.270666 0.881848 
0.4 0.369596 0.2771 0.851172 
0.46 0.48256 0.254688 0.881848 
0.46 0.465784 0.240992 0.858846 
0.42 0.409115 0.267294 0.82225 
0.42 0.409934 0.284138 0.881848 
0.44 0.402315 0.271601 0.82225 
0.38 0.37728 0.281955 0.93846 
0.42 0.46845 0.265158 0.896136 
0.38 0.416591 0.284195 0.861263 
0.42 0.398982 0.286025 0.881848 
0.34 0.380516 0.301613 0.900236 
0.44 0.455382 0.269064 0.851402 
0.32 0.36587 0.325451 0.881848 
0.34 0.304854 0.299858 0.881848 
0.36 0.369096 0.303868 0.881848 
0.42 0.375225 0.282099 0.835783 
0.4 0.436019 0.286495 0.93846 
0.36 0.340937 0.289754 0.861263 
0.4 0.440116 0.296916 0.881848 
0.4 0.427224 0.289621 0.881848 
0.36 0.421442 0.3069 0.872252 
0.48 0.466469 0.238297 0.881848 
0.42 0.34159 0.24123 0.861263 
0.42 0.483791 0.2834 0.904839 
0.44 0.445985 0.279955 0.896643 
0.4 0.431061 0.245749 0.936526 
0.36 0.355255 0.302272 0.896643 
0.38 0.430284 0.283517 0.82225 
0.42 0.401579 0.28341 0.936526 
0.36 0.335091 0.270971 0.851402 
0.32 0.251077 0.314045 0.872252 
0.3 0.24792 0.315286 0.851402 
0.4 0.499322 0.268178 0.757185 
0.48 0.517176 0.264726 0.881848 
0.44 0.455433 0.252661 0.876444 
0.32 0.333026 0.310247 0.904839 
0.38 0.366022 0.257935 0.858793 
0.44 0.433834 0.251171 0.881848 
0.38 0.354357 0.288467 0.835783 
0.34 0.419299 0.312862 0.851402 
0.3 0.26365 0.326476 0.900236 
0.42 0.403551 0.258506 0.881848 
0.46 0.430441 0.261294 0.900236 
0.46 0.456841 0.26651 0.881848 
0.34 0.27956 0.295383 0.896136 
0.38 0.479093 0.275935 0.896136 
0.34 0.319241 0.285773 0.900236 
0.4 0.413679 0.285811 0.896643 
0.42 0.419803 0.268164 0.851402 
0.4 0.445897 0.257789 0.881848 
0.36 0.412262 0.296979 0.896136 
0.4 0.42147 0.275601 0.904839 
0.38 0.420502 0.287856 0.896136 
0.38 0.388973 0.301652 0.900236 
0.42 0.363699 0.255216 0.872252 
0.28 0.280935 0.30684 0.904839 
0.38 0.410365 0.308405 0.881848 
0.38 0.365351 0.298295 0.900236 
0.36 0.36768 0.294098 0.872252 
0.34 0.381493 0.297808 0.896136 
0.4 0.428636 0.250975 0.872252 
0.36 0.382858 0.29142 0.851402 
0.46 0.463553 0.250456 0.851402 
0.4 0.396922 0.283557 0.872252 
0.44 0.459044 0.278113 0.861263 
0.36 0.329008 0.308941 0.93846 
0.42 0.448286 0.260872 0.872252 
0.36 0.393343 0.284217 0.900236 
0.36 0.293725 0.275589 0.900236 
0.42 0.403972 0.269825 0.861263 
0.36 0.348774 0.293432 0.900236 
0.42 0.4317 0.244706 0.861263 
0.38 0.370707 0.296156 0.904839 
0.36 0.40243 0.284841 0.851402 
0.34 0.379965 0.287723 0.861263 
0.38 0.409869 0.277336 0.872252 
0.38 0.344405 0.287196 0.876444 
0.4 0.393941 0.267874 0.861263 
0.34 0.302294 0.298141 0.896136 
0.38 0.312214 0.289718 0.861263 
0.42 0.39064 0.221485 0.896136 
0.34 0.27819 0.30059 0.858846 
0.32 0.333276 0.319893 0.900236 
0.36 0.345863 0.277371 0.896136 
0.4 0.430089 0.289052 0.861263 
0.38 0.311279 0.300699 0.900236 
0.4 0.382669 0.258717 0.824513 
0.44 0.423085 0.261492 0.936526 
0.46 0.459576 0.25126 0.835783 
0.42 0.408795 0.265673 0.861263 
0.4 0.383428 0.27221 0.861263 
0.42 0.457327 0.26586 0.881848 
0.44 0.452744 0.23293 0.93846 
0.3 0.293827 0.318007 0.881848 
0.44 0.419613 0.27447 0.876444 
0.38 0.348469 0.299471 0.835783 
0.34 0.351482 0.319721 0.858846 
0.4 0.481842 0.285969 0.851172 
0.4 0.417174 0.272771 0.82225 
0.4 0.419137 0.28832 0.900236 
0.44 0.481773 0.279879 0.770673 
0.44 0.500137 0.260817 0.861263 
0.38 0.4337 0.28945 0.881848 
0.38 0.409953 0.281056 0.881848 
0.36 0.34371 0.293442 0.881848 
0.38 0.41098 0.297068 0.881848 
0.38 0.432547 0.286506 0.872252 
0.38 0.440213 0.290942 0.882777 
0.42 0.421641 0.230947 0.770673 
0.46 0.481153 0.260518 0.904839 
0.4 0.395607 0.260157 0.881848 
0.4 0.372961 0.259081 0.816218 
0.42 0.461803 0.270605 0.858793 
0.38 0.34945 0.279256 0.709001 
0.4 0.424613 0.278784 0.881848 
0.42 0.38764 0.270658 0.900236 
0.42 0.489068 0.280062 0.896136 
0.36 0.37566 0.298384 0.835783 
0.4 0.427932 0.268415 0.896136 
0.42 0.404907 0.272291 0.824513 
0.36 0.377577 0.277018 0.93846 
0.44 0.482074 0.24616 0.861263 
0.34 0.403583 0.320542 0.881848 
0.4 0.409906 0.282483 0.896643 
0.4 0.393482 0.292425 0.82225 
0.42 0.439273 0.246634 0.861263 
0.46 0.506659 0.261475 0.896136 
0.36 0.448485 0.301611 0.896136 
0.42 0.439333 0.288111 0.872252 
0.4 0.473274 0.289846 0.936526 
0.34 0.29629 0.3014 0.872252 
0.4 0.411878 0.304736 0.881848 
0.38 0.349885 0.284169 0.835783 
0.38 0.40143 0.319613 0.896643 
0.44 0.500609 0.238533 0.835783 
0.28 0.241194 0.289116 0.900236 
0.5 0.521805 0.221417 0.858793 
0.44 0.462405 0.240766 0.896643 
0.34 0.249286 0.278809 0.851402 
0.4 0.359352 0.268755 0.881848 
0.4 0.435973 0.268455 0.900236 
0.38 0.368499 0.268986 0.851402 
0.42 0.46172 0.27121 0.93846 
0.4 0.413397 0.299786 0.936526 
0.34 0.425923 0.307683 0.904839 
0.34 0.364717 0.302812 0.851172 
0.36 0.386386 0.308964 0.881848 
0.34 0.369309 0.304133 0.872252 
0.36 0.3469 0.267776 0.904839 
0.46 0.54259 0.238038 0.896136 
0.38 0.294202 0.250617 0.835783 
0.36 0.421419 0.275699 0.872252 
0.42 0.437477 0.286231 0.881848 
0.42 0.450934 0.243563 0.858846 
0.38 0.39913 0.279075 0.872252 
0.34 0.251175 0.28339 0.820023 
0.34 0.292998 0.299953 0.900236 
0.48 0.582872 0.230115 0.861263 
0.42 0.468432 0.273347 0.896643 
0.26 0.240315 0.317987 0.858793 
0.36 0.3039 0.312094 0.93846 
0.42 0.41086 0.269903 0.851402 
0.36 0.304743 0.260417 0.936526 
0.4 0.360593 0.266689 0.896136 
0.38 0.337211 0.289697 0.835783 
0.4 0.399134 0.281407 0.900236 
0.38 0.404884 0.302224 0.872252 
0.44 0.526684 0.277221 0.861263 
0.42 0.399611 0.265099 0.861263 
0.4 0.416512 0.281458 0.836028 
0.4 0.438537 0.264938 0.904839 
0.36 0.372924 0.285136 0.872252 
0.34 0.288629 0.291374 0.858846 
0.38 0.418776 0.295573 0.881848 
0.42 0.443282 0.246159 0.807312 
0.36 0.359607 0.27813 0.772408 
0.36 0.352195 0.311494 0.896643 
0.44 0.429895 0.246773 0.881848 
0.4 0.400403 0.250658 0.861263 
0.32 0.288448 0.287813 0.93846 
0.4 0.40037 0.259989 0.896643 
0.36 0.307793 0.286855 0.872252 
0.4 0.416975 0.28066 0.896136 
0.4 0.435385 0.284112 0.851402 
0.44 0.430733 0.260466 0.900236 
0.42 0.465645 0.253156 0.904839 
0.38 0.380711 0.279231 0.900236 
0.4 0.389131 0.285078 0.824513 
0.38 0.414545 0.27013 0.896136 
0.36 0.391668 0.287177 0.881848 
0.42 0.448874 0.284905 0.900236 
0.36 0.357459 0.309886 0.881848 
0.42 0.387844 0.236336 0.896136 
0.38 0.420424 0.288235 0.936526 
0.44 0.448397 0.262748 0.824513 
0.4 0.449559 0.268652 0.904839 
0.4 0.400268 0.272199 0.858793 
0.32 0.349774 0.315438 0.861263 
0.38 0.306164 0.268164 0.900236 
0.46 0.496794 0.236852 0.861263 
0.44 0.468224 0.279201 0.881848 
0.42 0.483287 0.273805 0.896136 
0.36 0.342183 0.30171 0.900236 
0.48 0.539188 0.268724 0.858846 
0.4 0.422451 0.286351 0.881848 
0.38 0.405722 0.283833 0.851402 
0.36 0.372188 0.329009 0.824513 
0.34 0.371911 0.317738 0.835783 
0.34 0.326138 0.283239 0.872252 
0.4 0.41029 0.279075 0.896136 
0.36 0.316991 0.261694 0.900236 
0.46 0.409008 0.253513 0.858793 
0.32 0.281541 0.308404 0.872252 
0.38 0.401597 0.279853 0.896136 
0.4 0.425622 0.286805 0.861263 
0.42 0.365972 0.267088 0.93846 
0.32 0.281662 0.287361 0.851402 
0.32 0.344974 0.308142 0.825284 
0.44 0.422456 0.26585 0.858793 
0.42 0.451837 0.26957 0.900236 
0.34 0.319991 0.299372 0.872252 
0.44 0.472084 0.253933 0.872252 
0.44 0.45192 0.255817 0.896136 

