0.38 0.350788 0.287798 0.896136 
0.36 0.3454 0.279268 0.872252 
0.36 0.393788 0.313534 0.858846 
0.42 0.496489 0.270819 0.858793 
0.36 0.378678 0.307393 0.876444 
0.36 0.382845 0.29131 0.896643 
0.46 0.563319 0.243919 0.861263 
0.36 0.305159 0.28631 0.851402 
0.34 0.33953 0.312516 0.900236 
0.38 0.385492 0.291884 0.93846 
0.44 0.471177 0.263774 0.881848 
0.46 0.50253 0.250891 0.881848 
0.38 0.363833 0.272557 0.896643 
0.44 0.465738 0.288982 0.904839 
0.46 0.468973 0.250261 0.858793 
0.42 0.454221 0.283183 0.772408 
0.44 0.548816 0.293527 0.896136 
0.36 0.342558 0.316573 0.881848 
0.42 0.466298 0.270406 0.881848 
0.32 0.280838 0.302123 0.896136 
0.38 0.382187 0.262243 0.854734 
0.46 0.486633 0.270284 0.82225 
0.42 0.329629 0.261525 0.896136 
0.38 0.356542 0.298428 0.861263 
0.42 0.495387 0.297118 0.904839 
0.42 0.487772 0.265032 0.900236 
0.34 0.276292 0.314706 0.861263 
0.36 0.340451 0.281522 0.851402 
0.46 0.469404 0.2454 0.900236 
0.36 0.31364 0.305533 0.872252 
0.42 0.447786 0.255645 0.881848 
0.42 0.480643 0.27362 0.881848 
0.42 0.393431 0.270876 0.881848 
0.4 0.408448 0.278297 0.900236 
0.36 0.337419 0.288102 0.851172 
0.4 0.389126 0.2735 0.881848 
0.4 0.450888 0.256434 0.861263 
0.46 0.469131 0.239039 0.881848 
0.4 0.36736 0.275855 0.858846 
0.34 0.356736 0.299019 0.872252 
0.36 0.3429 0.290912 0.872252 
0.38 0.349668 0.306212 0.851402 
0.4 0.388062 0.295704 0.936526 
0.36 0.381567 0.313208 0.881848 
0.38 0.417526 0.291101 0.854734 
0.42 0.466094 0.277642 0.904839 
0.34 0.323458 0.302026 0.896136 
0.32 0.291999 0.300734 0.904839 
0.42 0.486203 0.27196 0.858846 
0.32 0.39888 0.303236 0.881848 
0.44 0.459428 0.258657 0.881848 
0.38 0.353737 0.278949 0.858846 
0.38 0.381349 0.278961 0.881848 
0.36 0.357417 0.305941 0.861263 
0.44 0.52612 0.281994 0.881848 
0.4 0.406573 0.284339 0.881848 
0.38 0.393394 0.282612 0.881848 
0.44 0.459775 0.255029 0.881848 
0.38 0.406184 0.271228 0.881848 
0.38 0.480454 0.277221 0.844273 
0.42 0.398806 0.27486 0.861263 
0.44 0.48393 0.269276 0.936526 
0.26 0.309529 0.349803 0.896136 
0.4 0.398852 0.282667 0.881848 
0.32 0.293563 0.301492 0.858846 
0.4 0.404999 0.257518 0.770673 
0.46 0.471575 0.276153 0.881848 
0.38 0.40431 0.252379 0.900236 
0.36 0.341298 0.308189 0.900236 
0.4 0.424442 0.273787 0.896136 
0.42 0.364624 0.284538 0.770481 
0.42 0.453526 0.280005 0.861263 
0.42 0.445083 0.272326 0.861263 
0.34 0.331614 0.306321 0.900236 
0.48 0.465895 0.24433 0.93846 
0.36 0.364217 0.317906 0.881848 
0.32 0.299924 0.31163 0.900236 
0.44 0.409582 0.259273 0.881848 
0.38 0.412087 0.273992 0.881848 
0.42 0.442018 0.273325 0.858793 
0.3 0.324893 0.33664 0.881848 
0.34 0.4103 0.304835 0.881848 
0.38 0.356412 0.303379 0.872252 
0.38 0.358579 0.280946 0.858793 
0.44 0.436463 0.246178 0.896136 
0.42 0.427214 0.270288 0.881848 
0.4 0.426122 0.280753 0.900236 
0.38 0.380243 0.27378 0.896136 
0.4 0.452934 0.287352 0.896136 
0.42 0.447874 0.276902 0.900236 
0.44 0.476102 0.284975 0.881848 
0.44 0.419053 0.262939 0.876444 
0.38 0.452989 0.264655 0.858793 
0.38 0.384446 0.285163 0.816218 
0.44 0.465932 0.270778 0.881848 
0.44 0.463673 0.230232 0.896136 
0.38 0.385062 0.274083 0.858793 
0.46 0.523301 0.246714 0.881848 
0.44 0.468367 0.266365 0.881848 
0.4 0.369897 0.280757 0.896136 
0.44 0.510529 0.264831 0.881848 
0.42 0.436982 0.257105 0.772408 
0.44 0.449508 0.270643 0.904839 
0.4 0.420539 0.29602 0.861263 
0.44 0.391413 0.257321 0.858793 
0.44 0.437755 0.26108 0.858793 
0.4 0.360093 0.263689 0.881848 
0.42 0.428182 0.271309 0.876444 
0.4 0.40025 0.274645 0.881848 
0.28 0.283532 0.329412 0.900236 
0.38 0.403449 0.305921 0.900236 
0.38 0.371397 0.287539 0.896136 
0.44 0.409874 0.279455 0.881848 
0.36 0.308279 0.284839 0.900236 
0.38 0.35906 0.299883 0.93846 
0.38 0.371795 0.299825 0.881848 
0.42 0.417155 0.276716 0.858846 
0.42 0.443213 0.27038 0.881848 
0.46 0.496933 0.241297 0.861263 
0.34 0.342446 0.307681 0.825284 
0.4 0.429168 0.302312 0.861263 
0.34 0.35182 0.304843 0.851402 
0.44 0.48143 0.251905 0.896136 
0.4 0.349038 0.258859 0.835783 
0.32 0.312459 0.324734 0.900236 
0.34 0.346886 0.3053 0.900236 
0.38 0.380567 0.277121 0.861263 
0.44 0.506414 0.269468 0.861263 
0.4 0.449453 0.282905 0.881848 
0.4 0.403231 0.297011 0.881848 
0.4 0.369591 0.273787 0.900236 
0.4 0.410642 0.276747 0.861263 
0.42 0.53036 0.282724 0.858793 
0.48 0.507043 0.243829 0.858846 
0.38 0.401963 0.311918 0.881848 
0.4 0.4536 0.287673 0.881848 
0.46 0.517922 0.263838 0.881848 
0.44 0.390557 0.25041 0.851402 
0.4 0.431756 0.302138 0.896643 
0.46 0.512209 0.25389 0.904839 
0.36 0.338303 0.301754 0.896136 
0.3 0.253813 0.293052 0.872252 
0.36 0.340896 0.29232 0.772408 
0.36 0.363467 0.270531 0.900236 
0.42 0.436227 0.254007 0.881848 
0.46 0.432381 0.259666 0.858793 
0.4 0.405985 0.266834 0.861263 
0.4 0.458665 0.298654 0.881848 
0.26 0.234487 0.346904 0.896136 
0.32 0.347469 0.305651 0.881848 
0.32 0.32325 0.31115 0.881848 
0.38 0.383701 0.28664 0.858846 
0.44 0.374508 0.252057 0.824513 
0.38 0.350455 0.277883 0.854734 
0.44 0.416021 0.261045 0.881848 
0.42 0.376961 0.240443 0.858793 
0.42 0.37311 0.287079 0.824513 
0.38 0.371022 0.282683 0.861263 
0.44 0.437324 0.279998 0.881848 
0.42 0.432482 0.239517 0.896136 
0.36 0.372776 0.266754 0.900236 
0.4 0.400037 0.278028 0.862805 
0.44 0.411156 0.232043 0.824513 
0.34 0.336577 0.274167 0.872252 
0.36 0.331309 0.2712 0.896136 
0.44 0.502169 0.27149 0.881848 
0.38 0.411989 0.283958 0.772408 
0.44 0.410253 0.242683 0.881848 
0.4 0.412313 0.267356 0.896136 
0.46 0.47819 0.250976 0.872252 
0.46 0.520477 0.26699 0.896136 
0.42 0.403324 0.260471 0.93846 
0.34 0.3502 0.296071 0.851402 
0.34 0.384081 0.309237 0.816218 
0.38 0.410494 0.282967 0.896136 
0.36 0.359583 0.287631 0.896643 
0.46 0.582095 0.269963 0.896136 
0.4 0.390311 0.285743 0.904839 
0.44 0.424215 0.294286 0.936526 
0.42 0.446203 0.279142 0.896136 
0.4 0.402074 0.276051 0.862805 
0.4 0.441028 0.278456 0.881848 
0.4 0.457206 0.265438 0.93846 
0.34 0.372369 0.308434 0.900236 
0.46 0.536489 0.273194 0.896136 
0.38 0.363884 0.261929 0.896136 
0.4 0.44162 0.278521 0.881848 
0.42 0.407971 0.277034 0.861263 
0.32 0.292823 0.291697 0.896136 
0.36 0.444412 0.289655 0.861263 
0.42 0.511209 0.272802 0.861263 
0.34 0.360495 0.295017 0.854734 
0.38 0.378692 0.294982 0.896136 
0.38 0.396324 0.293726 0.900236 
0.42 0.476283 0.294228 0.881848 
0.42 0.438028 0.272018 0.896136 
0.34 0.328656 0.278098 0.900236 
0.34 0.323592 0.31444 0.820023 
0.38 0.392126 0.27885 0.824513 
0.42 0.350871 0.252036 0.835783 
0.42 0.421164 0.26925 0.881848 
0.44 0.434825 0.261457 0.881848 
0.44 0.430325 0.253357 0.896643 
0.36 0.367018 0.277766 0.881848 
0.42 0.528763 0.2723 0.881848 
0.46 0.526879 0.277287 0.824513 
0.44 0.451249 0.269591 0.881848 
0.34 0.335794 0.284348 0.93846 
0.38 0.437727 0.284951 0.881848 
0.46 0.428196 0.25422 0.896136 
0.42 0.485157 0.253106 0.807312 
0.34 0.376355 0.328556 0.881848 
0.4 0.398074 0.271585 0.861263 
0.4 0.385303 0.29257 0.809422 
0.42 0.412554 0.261953 0.881848 
0.36 0.475051 0.292329 0.881848 
0.44 0.496771 0.24736 0.861263 
0.38 0.397584 0.266016 0.896136 
0.32 0.26665 0.296635 0.851172 
0.38 0.398963 0.302705 0.900236 
0.38 0.381109 0.274296 0.900236 
0.38 0.407689 0.264361 0.904839 
0.4 0.36094 0.268402 0.900236 
0.38 0.376114 0.307986 0.900236 
0.34 0.310112 0.297312 0.881848 
0.38 0.363893 0.281988 0.900236 
0.4 0.383284 0.261578 0.861263 
0.42 0.432598 0.255481 0.900236 
0.42 0.428122 0.269567 0.881848 
0.44 0.474103 0.265661 0.881848 
0.44 0.391496 0.247195 0.854734 
0.38 0.356241 0.283947 0.858846 
0.38 0.395274 0.257737 0.904839 
0.38 0.333174 0.26383 0.772408 
0.3 0.316889 0.298387 0.896136 
0.44 0.482898 0.242417 0.881848 
0.32 0.266446 0.288945 0.872252 
0.44 0.486828 0.276336 0.861263 
0.38 0.372864 0.301666 0.936526 
0.38 0.37785 0.289746 0.861263 
0.4 0.416577 0.289404 0.881848 
0.38 0.409457 0.302285 0.824513 
0.4 0.473316 0.286431 0.881848 
0.34 0.354737 0.333481 0.900236 
0.44 0.430145 0.274562 0.900236 
0.44 0.455744 0.254473 0.861263 
0.42 0.422428 0.289494 0.851402 
0.46 0.515672 0.263051 0.881848 
0.42 0.424988 0.286346 0.936526 
0.4 0.449258 0.270305 0.851402 
0.42 0.426127 0.265451 0.816218 
0.36 0.391737 0.298837 0.900236 
0.38 0.389705 0.286332 0.861263 
0.38 0.419502 0.278303 0.824513 
0.32 0.265085 0.290959 0.900236 
0.34 0.388464 0.30702 0.861263 
0.38 0.3736 0.284875 0.881848 
0.4 0.461076 0.277104 0.881848 
0.44 0.464048 0.25829 0.861263 
0.44 0.486948 0.263888 0.900236 
0.42 0.486161 0.257462 0.77196 
0.46 0.499239 0.262512 0.881848 
0.36 0.316644 0.278342 0.851172 
0.46 0.496156 0.239191 0.858793 
0.4 0.37173 0.297607 0.936526 
0.42 0.469904 0.270724 0.861263 
0.34 0.336855 0.273209 0.861263 
0.4 0.377493 0.27857 0.881848 
0.42 0.37616 0.272911 0.824513 
0.36 0.374443 0.316217 0.896643 
0.44 0.42739 0.257827 0.93846 
0.4 0.440602 0.280362 0.872252 
0.38 0.368268 0.283273 0.900236 
0.46 0.501812 0.241479 0.858793 
0.36 0.345687 0.279107 0.772408 
0.36 0.333466 0.302369 0.861263 
0.42 0.468714 0.276846 0.881848 
0.36 0.411114 0.281269 0.896136 
0.4 0.41591 0.258761 0.862805 
0.4 0.383854 0.279346 0.900236 
0.44 0.4488 0.25477 0.881848 
0.44 0.41385 0.255701 0.844273 
0.44 0.443856 0.279015 0.851172 
0.44 0.509936 0.258651 0.861263 
0.42 0.4996 0.28834 0.872252 
0.46 0.558204 0.2901 0.881848 
0.34 0.331813 0.308702 0.896643 
0.4 0.433746 0.280234 0.900236 

