0.4 0.449957 0.261839 0.851172 
0.42 0.46377 0.281402 0.861263 
0.34 0.273959 0.29461 0.93846 
0.4 0.391844 0.289949 0.881848 
0.42 0.49629 0.290196 0.861263 
0.4 0.461025 0.253878 0.861263 
0.44 0.440514 0.260808 0.936526 
0.4 0.43776 0.272372 0.820023 
0.38 0.382224 0.274341 0.93846 
0.44 0.459197 0.237831 0.825284 
0.42 0.38639 0.273098 0.881848 
0.38 0.34452 0.274866 0.861263 
0.4 0.442115 0.262614 0.896136 
0.44 0.478144 0.244608 0.896136 
0.34 0.344409 0.309197 0.881848 
0.38 0.353593 0.269981 0.851402 
0.38 0.369342 0.283767 0.851172 
0.42 0.434158 0.277688 0.896136 
0.42 0.445851 0.254035 0.82225 
0.38 0.385571 0.276651 0.900236 
0.42 0.469159 0.247555 0.861263 
0.32 0.326291 0.302768 0.861263 
0.36 0.358389 0.284876 0.872252 
0.42 0.46802 0.295246 0.881848 
0.4 0.42172 0.269461 0.858793 
0.46 0.502409 0.270303 0.881848 
0.38 0.435913 0.30749 0.896136 
0.38 0.349395 0.275809 0.881848 
0.32 0.339965 0.320583 0.872252 
0.42 0.43045 0.258365 0.861263 
0.42 0.392186 0.258219 0.872252 
0.44 0.446115 0.288661 0.851402 
0.44 0.386789 0.249138 0.824513 
0.38 0.414475 0.277732 0.900236 
0.4 0.372559 0.284372 0.824513 
0.38 0.331466 0.264142 0.835783 
0.44 0.454193 0.245042 0.872252 
0.38 0.326916 0.283157 0.858793 
0.46 0.516431 0.24124 0.93846 
0.42 0.441486 0.258486 0.851402 
0.42 0.443458 0.282681 0.824513 
0.42 0.463011 0.259168 0.881848 
0.46 0.546992 0.255142 0.858846 
0.38 0.364629 0.29398 0.835783 
0.44 0.477982 0.237815 0.872252 
0.32 0.404523 0.319863 0.896136 
0.38 0.414943 0.291519 0.872252 
0.4 0.442291 0.265492 0.881848 
0.34 0.429432 0.310788 0.851402 
0.44 0.437477 0.267756 0.881848 
0.44 0.496373 0.287565 0.900236 
0.4 0.439759 0.281821 0.936526 
0.46 0.476797 0.263652 0.881848 
0.32 0.333855 0.305389 0.896136 
0.36 0.390969 0.312122 0.851402 
0.34 0.317139 0.303416 0.861263 
0.42 0.44612 0.267096 0.808531 
0.42 0.402259 0.253662 0.900236 
0.46 0.469362 0.24233 0.835783 
0.42 0.47751 0.258949 0.881848 
0.32 0.234297 0.331726 0.896643 
0.4 0.481315 0.291633 0.858846 
0.44 0.426835 0.266203 0.772408 
0.4 0.466761 0.273051 0.881848 
0.4 0.38821 0.268957 0.876444 
0.44 0.466002 0.242951 0.896136 
0.42 0.425853 0.266544 0.861263 
0.38 0.385835 0.267893 0.861263 
0.36 0.414989 0.309158 0.900236 
0.38 0.406999 0.285242 0.872252 
0.46 0.478949 0.268054 0.882777 
0.4 0.440417 0.290449 0.861263 
0.42 0.481106 0.276942 0.835783 
0.42 0.436042 0.267987 0.896136 
0.42 0.43607 0.279638 0.835783 
0.38 0.350959 0.276039 0.872252 
0.34 0.343294 0.293178 0.93846 
0.42 0.474144 0.267494 0.896136 
0.38 0.346293 0.292602 0.904839 
0.42 0.483666 0.270033 0.896136 
0.4 0.400329 0.294655 0.861263 
0.38 0.393876 0.27189 0.900236 
0.32 0.318398 0.324439 0.824513 
0.36 0.341465 0.265403 0.816218 
0.34 0.338262 0.313023 0.861263 
0.44 0.405495 0.270127 0.93846 
0.38 0.390668 0.300473 0.93846 
0.38 0.402453 0.280292 0.861263 
0.36 0.34896 0.30392 0.896643 
0.42 0.338169 0.241611 0.824513 
0.32 0.400338 0.318717 0.900236 
0.4 0.437366 0.284491 0.861263 
0.32 0.375156 0.316818 0.900236 
0.38 0.412517 0.254492 0.851402 
0.42 0.507376 0.272328 0.881848 
0.42 0.461192 0.260775 0.807312 
0.46 0.463275 0.241319 0.881848 
0.36 0.354019 0.285996 0.861263 
0.46 0.526291 0.250938 0.896136 
0.4 0.451582 0.289761 0.900236 
0.42 0.430186 0.255057 0.900236 
0.42 0.493998 0.253417 0.835783 
0.42 0.453586 0.260533 0.881848 
0.4 0.373077 0.272884 0.824513 
0.42 0.469571 0.286855 0.872252 
0.4 0.359199 0.25888 0.876444 
0.36 0.433042 0.298486 0.900236 
0.4 0.375609 0.287106 0.900236 
0.42 0.434158 0.281025 0.872252 
0.42 0.39494 0.287876 0.772408 
0.38 0.35751 0.293293 0.93846 
0.44 0.449962 0.252994 0.861263 
0.36 0.342979 0.27254 0.881848 
0.42 0.448309 0.292617 0.876444 
0.3 0.313325 0.314068 0.861263 
0.32 0.343229 0.307408 0.851402 
0.38 0.410031 0.294819 0.93846 
0.34 0.342289 0.281043 0.862805 
0.42 0.473987 0.255254 0.872252 
0.42 0.453434 0.227723 0.772408 
0.38 0.375651 0.292386 0.881848 
0.4 0.462789 0.27739 0.881848 
0.42 0.44687 0.283722 0.881848 
0.42 0.377771 0.246958 0.772408 
0.36 0.397033 0.307612 0.858846 
0.44 0.471931 0.25525 0.881848 
0.4 0.409735 0.285032 0.862805 
0.46 0.469159 0.264175 0.881848 
0.38 0.393982 0.26874 0.896136 
0.4 0.392677 0.285814 0.881848 
0.42 0.431418 0.266589 0.858846 
0.38 0.349432 0.296033 0.881848 
0.38 0.378512 0.276607 0.872252 
0.4 0.399505 0.282543 0.93846 
0.38 0.398662 0.275054 0.896136 
0.46 0.487832 0.2532 0.881848 
0.46 0.481754 0.249309 0.881848 
0.4 0.313603 0.251094 0.824513 
0.4 0.409656 0.289386 0.881848 
0.42 0.497466 0.274316 0.904839 
0.4 0.459914 0.282844 0.872252 
0.42 0.426446 0.277944 0.858846 
0.4 0.416308 0.289451 0.93846 
0.4 0.432459 0.260226 0.900236 
0.4 0.447249 0.278855 0.851402 
0.36 0.390969 0.285963 0.881848 
0.4 0.433524 0.273578 0.896136 
0.44 0.386136 0.253529 0.881848 
0.36 0.377433 0.288796 0.851402 
0.46 0.484495 0.243659 0.858793 
0.34 0.304219 0.296726 0.851402 
0.4 0.381451 0.25817 0.93846 
0.32 0.279824 0.327067 0.93846 
0.4 0.467321 0.276006 0.851172 
0.38 0.390496 0.287418 0.881848 
0.38 0.357241 0.28226 0.862805 
0.46 0.482194 0.258916 0.881848 
0.36 0.312607 0.287116 0.93846 
0.46 0.492337 0.237136 0.881848 
0.38 0.38858 0.280343 0.872252 
0.38 0.418322 0.306501 0.896136 
0.34 0.342997 0.274941 0.872252 
0.4 0.345654 0.264026 0.900236 
0.44 0.405911 0.266956 0.844273 
0.4 0.393746 0.265549 0.896136 
0.36 0.295313 0.293507 0.851402 
0.4 0.398047 0.282904 0.881848 
0.38 0.392154 0.302528 0.851402 
0.38 0.422224 0.285873 0.881848 
0.4 0.381928 0.270852 0.896136 
0.38 0.452739 0.288835 0.872252 
0.44 0.460243 0.281848 0.881848 
0.4 0.422757 0.269031 0.861263 
0.42 0.460067 0.28832 0.881848 
0.42 0.499438 0.286227 0.896136 
0.4 0.379225 0.283651 0.881848 
0.4 0.366629 0.270776 0.824513 
0.4 0.373739 0.261884 0.862805 
0.32 0.355616 0.302481 0.900236 
0.42 0.459387 0.281203 0.904839 
0.38 0.394552 0.287109 0.896136 
0.38 0.395176 0.239926 0.862805 
0.42 0.380701 0.239539 0.770481 
0.36 0.373846 0.284516 0.772408 
0.42 0.420396 0.281961 0.770673 
0.42 0.401694 0.268194 0.861263 
0.4 0.410577 0.258 0.872252 
0.36 0.385131 0.289049 0.900236 
0.48 0.488948 0.24069 0.858793 
0.36 0.386964 0.305543 0.851402 
0.42 0.406314 0.252429 0.861263 
0.42 0.379938 0.264915 0.881848 
0.4 0.404314 0.289392 0.896136 
0.38 0.366055 0.276508 0.854734 
0.36 0.258299 0.268879 0.824513 
0.38 0.431918 0.299743 0.896136 
0.4 0.435255 0.283349 0.881848 
0.42 0.443574 0.242914 0.872252 
0.42 0.453725 0.257189 0.851402 
0.42 0.397408 0.271965 0.93846 
0.4 0.413721 0.281525 0.872252 
0.44 0.451443 0.251839 0.825284 
0.36 0.324398 0.299057 0.900236 
0.42 0.467937 0.270382 0.881848 
0.4 0.410203 0.270796 0.862805 
0.4 0.379808 0.259418 0.861263 
0.36 0.341942 0.292657 0.861263 
0.32 0.329818 0.306811 0.900236 
0.38 0.377637 0.29319 0.851402 
0.42 0.418637 0.272982 0.881848 
0.36 0.316542 0.296093 0.824513 
0.38 0.42789 0.277909 0.93846 
0.42 0.391825 0.285635 0.858846 
0.44 0.508048 0.277179 0.861263 
0.46 0.469071 0.255113 0.82225 
0.34 0.331471 0.303043 0.851402 
0.46 0.425664 0.226448 0.861263 
0.34 0.347821 0.291579 0.872252 
0.4 0.44699 0.267406 0.788291 
0.38 0.368652 0.301085 0.858793 
0.42 0.393755 0.25753 0.763442 
0.48 0.462974 0.247375 0.896136 
0.38 0.385423 0.297337 0.896136 
0.34 0.337419 0.299478 0.904839 
0.44 0.452971 0.270562 0.824513 
0.38 0.342641 0.279729 0.896643 
0.48 0.475329 0.24008 0.876444 
0.44 0.439417 0.254858 0.858793 
0.4 0.412156 0.267625 0.900236 
0.38 0.344321 0.27893 0.861263 
0.36 0.379215 0.304372 0.900236 
0.4 0.420849 0.267001 0.824513 
0.46 0.499715 0.257687 0.851402 
0.38 0.345886 0.271941 0.862805 
0.38 0.381382 0.286588 0.881848 
0.4 0.368008 0.283557 0.900236 
0.42 0.50059 0.29267 0.861263 
0.38 0.329791 0.281009 0.896136 
0.42 0.442652 0.267899 0.881848 
0.44 0.534211 0.244509 0.881848 
0.4 0.441666 0.26107 0.896136 
0.4 0.446893 0.310357 0.896136 
0.38 0.456267 0.302561 0.881848 
0.46 0.488684 0.241913 0.896136 
0.38 0.348427 0.277887 0.861263 
0.36 0.343247 0.287893 0.936526 
0.38 0.367596 0.300672 0.896643 
0.32 0.367022 0.290473 0.851402 
0.38 0.365592 0.25197 0.93846 
0.4 0.290675 0.279155 0.824513 
0.44 0.436922 0.278164 0.896643 
0.42 0.501664 0.28155 0.861263 
0.42 0.411068 0.254026 0.93846 
0.42 0.447976 0.26929 0.881848 
0.38 0.385303 0.286745 0.900236 
0.4 0.513783 0.282158 0.881848 
0.44 0.461905 0.267754 0.881848 
0.4 0.446856 0.262556 0.858846 
0.36 0.372096 0.304616 0.872252 
0.42 0.392177 0.293251 0.851402 
0.46 0.418114 0.233743 0.752125 
0.38 0.339044 0.294411 0.851172 
0.42 0.448943 0.274744 0.881848 
0.48 0.466881 0.238239 0.824513 
0.36 0.324884 0.278235 0.900236 
0.34 0.306534 0.31316 0.858846 
0.36 0.430941 0.297339 0.881848 
0.36 0.374869 0.279311 0.900236 
0.36 0.401912 0.306286 0.93846 
0.44 0.464192 0.244096 0.770673 
0.46 0.431621 0.243503 0.757185 
0.36 0.297007 0.294908 0.93846 
0.36 0.36112 0.310196 0.936526 
0.44 0.455776 0.255135 0.881848 
0.46 0.477977 0.231995 0.896136 
0.38 0.477343 0.289936 0.904839 
0.32 0.33167 0.322255 0.876444 
0.4 0.461872 0.296152 0.851402 
0.38 0.435704 0.267874 0.876444 
0.36 0.3137 0.281105 0.93846 
0.42 0.405796 0.268433 0.861263 
0.34 0.307585 0.295927 0.93846 
0.38 0.314889 0.281392 0.825284 
0.42 0.419641 0.265538 0.881848 
0.38 0.348515 0.265266 0.824513 
0.44 0.511131 0.24002 0.896136 
0.36 0.341303 0.310192 0.896643 
0.42 0.402088 0.260477 0.904839 

