0.38 0.495151 0.299819 0.896136 
0.44 0.462863 0.269514 0.900236 
0.34 0.359278 0.29652 0.851402 
0.38 0.397412 0.266544 0.900236 
0.34 0.249749 0.296336 0.872252 
0.38 0.317435 0.265283 0.900236 
0.32 0.376924 0.298239 0.872252 
0.38 0.379391 0.255969 0.861263 
0.4 0.441139 0.286109 0.896136 
0.32 0.375956 0.332968 0.872252 
0.42 0.470427 0.249358 0.861263 
0.38 0.367879 0.286649 0.772408 
0.38 0.337243 0.283373 0.825284 
0.34 0.293651 0.295291 0.904839 
0.38 0.364648 0.278375 0.904839 
0.36 0.27183 0.284979 0.900236 
0.44 0.382821 0.250528 0.858846 
0.38 0.41598 0.29243 0.900236 
0.36 0.384854 0.316686 0.896136 
0.34 0.353126 0.31799 0.904839 
0.38 0.399167 0.283337 0.93846 
0.34 0.314385 0.301524 0.900236 
0.44 0.482352 0.264063 0.843973 
0.44 0.438301 0.260754 0.770481 
0.36 0.372961 0.315348 0.881848 
0.44 0.489499 0.284236 0.835783 
0.36 0.293522 0.259741 0.816218 
0.34 0.373994 0.30041 0.851402 
0.5 0.515116 0.254865 0.861263 
0.42 0.454512 0.264305 0.851172 
0.4 0.466997 0.298513 0.900236 
0.42 0.455276 0.287937 0.858846 
0.5 0.509362 0.232803 0.881848 
0.42 0.369573 0.258304 0.844273 
0.34 0.322514 0.2889 0.896643 
0.36 0.350631 0.298449 0.876444 
0.44 0.456609 0.262575 0.858793 
0.44 0.46895 0.256185 0.881848 
0.36 0.368652 0.272776 0.900236 
0.32 0.259938 0.292167 0.93846 
0.4 0.357338 0.294323 0.861263 
0.46 0.464465 0.229972 0.772408 
0.38 0.422956 0.301155 0.896136 
0.34 0.291883 0.305347 0.872252 
0.4 0.479727 0.273011 0.93846 
0.42 0.44119 0.300079 0.872252 
0.46 0.532323 0.240847 0.881848 
0.38 0.419493 0.285273 0.896136 
0.46 0.480694 0.252033 0.881848 
0.36 0.307117 0.297555 0.900236 
0.46 0.529411 0.263029 0.881848 
0.3 0.306168 0.338908 0.900236 
0.46 0.493059 0.264117 0.861263 
0.32 0.288726 0.308434 0.900236 
0.4 0.389441 0.268896 0.881848 
0.38 0.371281 0.281411 0.851402 
0.42 0.34427 0.266281 0.858793 
0.4 0.364736 0.258395 0.817822 
0.46 0.489027 0.232596 0.872252 
0.4 0.35095 0.275739 0.900236 
0.4 0.409763 0.270603 0.881848 
0.36 0.336026 0.295492 0.861263 
0.36 0.31519 0.278357 0.93846 
0.4 0.383923 0.289629 0.900236 
0.36 0.362208 0.298063 0.900236 
0.42 0.437861 0.247129 0.900236 
0.36 0.318597 0.278909 0.93846 
0.38 0.369721 0.309333 0.858846 
0.42 0.428131 0.273688 0.851402 
0.36 0.365615 0.277556 0.896643 
0.42 0.450781 0.264073 0.858846 
0.28 0.302539 0.325805 0.872252 
0.44 0.44137 0.251582 0.900236 
0.38 0.367786 0.289641 0.851402 
0.32 0.321046 0.31849 0.936526 
0.3 0.19494 0.307747 0.896643 
0.34 0.344085 0.320954 0.896643 
0.42 0.405435 0.234962 0.872252 
0.4 0.486647 0.259273 0.896136 
0.34 0.35239 0.328764 0.881848 
0.48 0.493642 0.258784 0.881848 
0.42 0.484666 0.251693 0.82225 
0.38 0.374637 0.287503 0.93846 
0.38 0.276973 0.295843 0.824513 
0.38 0.411276 0.292863 0.872252 
0.36 0.384747 0.287951 0.861263 
0.38 0.393172 0.287488 0.858793 
0.4 0.411735 0.289506 0.936526 
0.34 0.311756 0.292627 0.861263 
0.44 0.444523 0.266903 0.858846 
0.42 0.440352 0.279998 0.881848 
0.38 0.407865 0.282752 0.825284 
0.48 0.560389 0.265409 0.904839 
0.34 0.280097 0.315788 0.872252 
0.42 0.442708 0.283868 0.861263 
0.4 0.396324 0.282549 0.93846 
0.42 0.459262 0.258064 0.724084 
0.42 0.388497 0.260216 0.851402 
0.42 0.413809 0.275571 0.844273 
0.36 0.359824 0.280593 0.896136 
0.4 0.419646 0.292017 0.824513 
0.32 0.326254 0.322621 0.881848 
0.38 0.332202 0.272583 0.93846 
0.36 0.346515 0.270056 0.861263 
0.4 0.396237 0.26502 0.881848 
0.42 0.412647 0.257882 0.861263 
0.44 0.505381 0.254277 0.861263 
0.42 0.437565 0.263486 0.824513 
0.4 0.454466 0.257181 0.881848 
0.36 0.3902 0.293508 0.900236 
0.38 0.363689 0.282994 0.861263 
0.42 0.408036 0.274142 0.851402 
0.4 0.418215 0.288234 0.936526 
0.44 0.488587 0.25669 0.851402 
0.4 0.410452 0.275722 0.900236 
0.44 0.495452 0.252211 0.862805 
0.38 0.350751 0.272677 0.872252 
0.38 0.359769 0.266839 0.861263 
0.36 0.333721 0.2956 0.851402 
0.44 0.472899 0.28505 0.872252 
0.34 0.339039 0.289459 0.861263 
0.36 0.33054 0.292937 0.896643 
0.36 0.404907 0.276809 0.900236 
0.4 0.37361 0.264547 0.93846 
0.44 0.479579 0.286133 0.851172 
0.42 0.386404 0.27026 0.861263 
0.34 0.314964 0.28102 0.896643 
0.42 0.449689 0.262601 0.881848 
0.36 0.380192 0.291993 0.896136 
0.4 0.3746 0.279775 0.835783 
0.28 0.212475 0.323689 0.851402 
0.46 0.492017 0.274563 0.881848 
0.38 0.488318 0.294344 0.851402 
0.4 0.302571 0.27178 0.876444 
0.38 0.381391 0.273465 0.858793 
0.38 0.392793 0.276504 0.851402 
0.36 0.430432 0.291734 0.93846 
0.36 0.293096 0.291917 0.835783 
0.38 0.342039 0.265862 0.872252 
0.4 0.363014 0.280168 0.861263 
0.4 0.411189 0.295594 0.904839 
0.4 0.404828 0.285187 0.900236 
0.4 0.397139 0.271318 0.843973 
0.4 0.409022 0.254448 0.900236 
0.4 0.362583 0.286258 0.900236 
0.42 0.459924 0.276355 0.881848 
0.3 0.264451 0.320159 0.896136 
0.46 0.504317 0.230573 0.896136 
0.42 0.493341 0.281478 0.881848 
0.42 0.473228 0.271891 0.881848 
0.38 0.434996 0.287958 0.858793 
0.34 0.378836 0.277537 0.93846 
0.4 0.440273 0.279102 0.881848 
0.48 0.446342 0.216879 0.881848 
0.42 0.508881 0.255052 0.896136 
0.42 0.459896 0.276272 0.844273 
0.36 0.363157 0.310212 0.896643 
0.44 0.444277 0.276601 0.851402 
0.4 0.417183 0.285718 0.872252 
0.36 0.367934 0.294242 0.881848 
0.44 0.485374 0.244929 0.851402 
0.38 0.382664 0.292112 0.881848 
0.46 0.508316 0.245343 0.770673 
0.44 0.479412 0.259667 0.881848 
0.34 0.283851 0.276942 0.900236 
0.42 0.409772 0.272303 0.825284 
0.42 0.462766 0.269336 0.896136 
0.36 0.403185 0.304707 0.900236 
0.4 0.403666 0.256005 0.936526 
0.44 0.430918 0.258268 0.896136 
0.4 0.368443 0.262208 0.872252 
0.4 0.346289 0.280003 0.93846 
0.36 0.439949 0.269894 0.896136 
0.36 0.308788 0.287306 0.858846 
0.38 0.400148 0.299693 0.896136 
0.4 0.406971 0.279518 0.900236 
0.36 0.358759 0.293247 0.858846 
0.34 0.346562 0.304526 0.824513 
0.46 0.52742 0.257934 0.881848 
0.46 0.486402 0.265722 0.861263 
0.4 0.385571 0.274746 0.824513 
0.44 0.378202 0.211902 0.896136 
0.34 0.31357 0.295197 0.851402 
0.32 0.31507 0.31992 0.896643 
0.38 0.370642 0.298818 0.851402 
0.36 0.41698 0.285209 0.835783 
0.4 0.413651 0.319543 0.900236 
0.4 0.484986 0.282708 0.896136 
0.4 0.419164 0.273081 0.881848 
0.38 0.345872 0.320245 0.93846 
0.44 0.471251 0.250091 0.772408 
0.36 0.325837 0.282081 0.881848 
0.3 0.262877 0.330744 0.896643 
0.38 0.393431 0.249547 0.807312 
0.42 0.394751 0.25908 0.809422 
0.48 0.510547 0.238776 0.881848 
0.36 0.355616 0.289761 0.844273 
0.4 0.433399 0.28912 0.881848 
0.36 0.304974 0.290645 0.900236 
0.38 0.415281 0.283208 0.881848 
0.36 0.302141 0.292844 0.900236 
0.46 0.508719 0.244672 0.872252 
0.42 0.376281 0.25287 0.858793 
0.42 0.36237 0.26389 0.851172 
0.36 0.35501 0.303539 0.900236 
0.36 0.419498 0.308685 0.881848 
0.38 0.408388 0.274368 0.858846 
0.4 0.384979 0.306647 0.900236 
0.48 0.520421 0.266416 0.858846 
0.38 0.335841 0.288116 0.896136 
0.36 0.383544 0.296453 0.896643 
0.4 0.442819 0.261637 0.896136 
0.48 0.511589 0.241597 0.876444 
0.38 0.349561 0.277385 0.858846 
0.44 0.503872 0.280501 0.881848 
0.44 0.436871 0.249924 0.872252 
0.38 0.437912 0.275247 0.881848 
0.36 0.437375 0.304717 0.858793 
0.32 0.30371 0.315919 0.900236 
0.44 0.416461 0.263645 0.82225 
0.4 0.446259 0.276889 0.851402 
0.46 0.522018 0.230952 0.881848 
0.46 0.497979 0.242584 0.881848 
0.42 0.473001 0.272839 0.881848 
0.42 0.456855 0.29261 0.851402 
0.42 0.430635 0.279732 0.881848 
0.36 0.322819 0.289013 0.881848 
0.44 0.468015 0.273359 0.904839 
0.38 0.402194 0.30006 0.836028 
0.42 0.420428 0.254849 0.896136 
0.4 0.432306 0.262371 0.770481 
0.38 0.333591 0.253316 0.900236 
0.4 0.469061 0.255436 0.900236 
0.4 0.365814 0.254797 0.858846 
0.44 0.478338 0.258536 0.881848 
0.42 0.428038 0.250443 0.896136 
0.36 0.385192 0.285064 0.900236 
0.4 0.429672 0.287549 0.835783 
0.3 0.237704 0.314199 0.851402 
0.42 0.413684 0.283309 0.881848 
0.46 0.470446 0.275585 0.858793 
0.38 0.424965 0.308801 0.904839 
0.38 0.329777 0.297619 0.896643 
0.38 0.378558 0.262746 0.825284 
0.32 0.372753 0.328003 0.896136 
0.4 0.4219 0.269794 0.936526 
0.36 0.339678 0.277061 0.900236 
0.38 0.397056 0.28028 0.936526 
0.42 0.50783 0.276756 0.881848 
0.4 0.454364 0.282603 0.904839 
0.42 0.451239 0.277072 0.896136 
0.38 0.358445 0.275662 0.851172 
0.4 0.404009 0.258432 0.851402 
0.46 0.490323 0.235899 0.851402 
0.4 0.380192 0.284652 0.93846 
0.4 0.447999 0.267145 0.851402 
0.38 0.374248 0.286795 0.900236 
0.4 0.361185 0.253998 0.872252 
0.44 0.452786 0.257258 0.936526 
0.42 0.39158 0.283353 0.900236 
0.4 0.381789 0.260517 0.896136 
0.42 0.430728 0.254774 0.896136 
0.42 0.419697 0.269443 0.844273 
0.4 0.374193 0.294884 0.872252 
0.34 0.339766 0.302964 0.881848 
0.34 0.349719 0.312179 0.881848 
0.38 0.454364 0.309175 0.936526 
0.34 0.357482 0.296064 0.851402 
0.4 0.494137 0.261366 0.851402 
0.36 0.341039 0.30322 0.854734 
0.34 0.393885 0.314496 0.881848 
0.44 0.460604 0.256922 0.936526 
0.4 0.380049 0.28733 0.854734 
0.4 0.416424 0.263796 0.858793 
0.46 0.406791 0.246087 0.900236 
0.42 0.425793 0.252346 0.861263 
0.4 0.415123 0.272007 0.900236 
0.44 0.473524 0.248356 0.872252 
0.34 0.374869 0.313895 0.896136 
0.42 0.415193 0.258812 0.772408 
0.46 0.510219 0.259015 0.896643 
0.44 0.470876 0.252415 0.851402 
0.4 0.458345 0.278064 0.835783 
0.46 0.455591 0.281008 0.881848 
0.4 0.416433 0.289506 0.881848 
0.38 0.38614 0.270324 0.872252 
0.34 0.355172 0.28837 0.872252 
0.36 0.43875 0.314497 0.872252 

