0.36 0.345826 0.310777 0.881848 
0.44 0.505548 0.268412 0.861263 
0.4 0.401583 0.269636 0.835783 
0.42 0.45485 0.248089 0.851402 
0.38 0.402282 0.306777 0.881848 
0.42 0.485555 0.27356 0.861263 
0.36 0.343789 0.296185 0.936526 
0.38 0.388839 0.28538 0.904839 
0.4 0.386441 0.277323 0.896643 
0.46 0.44674 0.242027 0.858793 
0.38 0.36581 0.278748 0.904839 
0.42 0.415003 0.263802 0.881848 
0.32 0.282703 0.319858 0.900236 
0.4 0.443467 0.269259 0.862805 
0.36 0.360319 0.284118 0.896643 
0.44 0.512399 0.273086 0.881848 
0.4 0.343502 0.26906 0.896643 
0.44 0.455207 0.279143 0.881848 
0.38 0.344881 0.279297 0.861263 
0.38 0.368749 0.278322 0.900236 
0.38 0.352793 0.275104 0.896136 
0.36 0.345738 0.298911 0.881848 
0.36 0.361361 0.280345 0.93846 
0.34 0.293054 0.314544 0.896136 
0.42 0.443463 0.285003 0.881848 
0.38 0.361463 0.271569 0.825284 
0.48 0.536748 0.25215 0.881848 
0.4 0.404125 0.274283 0.851402 
0.4 0.386293 0.287076 0.881848 
0.34 0.328499 0.311417 0.858846 
0.4 0.344321 0.259848 0.851402 
0.38 0.378632 0.280405 0.900236 
0.4 0.43594 0.287151 0.872252 
0.36 0.42403 0.28972 0.881848 
0.42 0.45953 0.265034 0.825284 
0.42 0.439745 0.239208 0.93846 
0.32 0.277357 0.292266 0.872252 
0.34 0.299049 0.305443 0.900236 
0.32 0.236551 0.303881 0.861263 
0.42 0.412036 0.256695 0.770481 
0.4 0.4249 0.272659 0.861263 
0.38 0.429714 0.284582 0.861263 
0.38 0.367948 0.301745 0.861263 
0.38 0.380451 0.278631 0.881848 
0.4 0.472117 0.294029 0.881848 
0.42 0.514427 0.255807 0.861263 
0.36 0.344219 0.310849 0.896136 
0.38 0.404745 0.297988 0.93846 
0.4 0.46995 0.279941 0.881848 
0.34 0.326286 0.305569 0.862805 
0.34 0.386941 0.31775 0.876444 
0.42 0.465483 0.270152 0.872252 
0.36 0.325439 0.297966 0.896136 
0.4 0.401449 0.281304 0.900236 
0.44 0.488166 0.274977 0.904839 
0.46 0.444416 0.250094 0.824513 
0.38 0.416276 0.30209 0.772408 
0.4 0.429501 0.300467 0.861263 
0.42 0.45991 0.28197 0.904839 
0.46 0.369203 0.25878 0.858793 
0.34 0.366073 0.32652 0.900236 
0.38 0.372531 0.275003 0.881848 
0.38 0.375123 0.274139 0.881848 
0.46 0.48193 0.23654 0.881848 
0.36 0.366657 0.282692 0.896643 
0.32 0.243828 0.289591 0.861263 
0.4 0.393825 0.282304 0.861263 
0.42 0.438917 0.26362 0.851402 
0.48 0.563745 0.269019 0.896136 
0.4 0.386233 0.308222 0.896643 
0.38 0.351626 0.262525 0.835783 
0.46 0.531647 0.251895 0.900236 
0.42 0.475445 0.285892 0.861263 
0.4 0.4307 0.258458 0.896136 
0.48 0.603129 0.244282 0.881848 
0.42 0.423224 0.270153 0.858846 
0.38 0.370573 0.268611 0.788291 
0.38 0.46322 0.26053 0.904839 
0.44 0.489189 0.245614 0.881848 
0.42 0.446462 0.286469 0.881848 
0.4 0.416169 0.278608 0.904839 
0.4 0.407555 0.260244 0.872252 
0.4 0.421673 0.273239 0.851402 
0.46 0.455095 0.252504 0.872252 
0.38 0.386779 0.279135 0.881848 
0.4 0.396144 0.275142 0.881848 
0.46 0.547418 0.241035 0.896136 
0.4 0.411059 0.26423 0.809422 
0.42 0.426062 0.284567 0.862805 
0.32 0.260368 0.29968 0.824513 
0.36 0.35158 0.280463 0.861263 
0.36 0.288356 0.311585 0.904839 
0.36 0.29442 0.265898 0.861263 
0.36 0.332846 0.287452 0.900236 
0.38 0.354547 0.264529 0.861263 
0.36 0.399551 0.301507 0.851402 
0.36 0.313029 0.280539 0.77196 
0.4 0.487319 0.285103 0.872252 
0.32 0.262321 0.309809 0.896643 
0.4 0.460498 0.298087 0.872252 
0.38 0.370031 0.286456 0.904839 
0.44 0.384479 0.241409 0.858793 
0.42 0.39001 0.280433 0.872252 
0.46 0.532249 0.263187 0.824513 
0.34 0.380956 0.30856 0.93846 
0.44 0.45361 0.266829 0.900236 
0.34 0.328045 0.297442 0.896136 
0.4 0.438241 0.268919 0.851402 
0.38 0.343007 0.292804 0.844273 
0.38 0.310168 0.306026 0.896643 
0.36 0.34309 0.300776 0.936526 
0.44 0.506011 0.26437 0.881848 
0.44 0.43663 0.264857 0.904839 
0.42 0.416882 0.262162 0.93846 
0.4 0.394626 0.280511 0.900236 
0.34 0.302571 0.304356 0.872252 
0.4 0.395288 0.281832 0.904839 
0.32 0.368231 0.319254 0.904839 
0.4 0.45529 0.29449 0.861263 
0.38 0.358815 0.276693 0.854734 
0.36 0.413846 0.309264 0.882777 
0.34 0.318426 0.280578 0.851172 
0.4 0.393297 0.266024 0.900236 
0.34 0.333767 0.310067 0.93846 
0.36 0.408268 0.310663 0.93846 
0.34 0.271182 0.288519 0.824513 
0.34 0.354464 0.280611 0.876444 
0.48 0.500257 0.230219 0.824513 
0.38 0.461183 0.296735 0.881848 
0.42 0.474473 0.265652 0.881848 
0.38 0.355533 0.264186 0.851402 
0.4 0.410235 0.266638 0.881848 
0.44 0.509159 0.267908 0.851402 
0.32 0.2629 0.29807 0.900236 
0.38 0.410675 0.290257 0.861263 
0.38 0.39625 0.299967 0.851402 
0.44 0.445772 0.24655 0.68575 
0.5 0.535841 0.239211 0.681392 
0.48 0.543585 0.244186 0.896136 
0.36 0.362639 0.257353 0.816218 
0.42 0.387696 0.269237 0.881848 
0.44 0.429668 0.268354 0.851402 
0.34 0.333878 0.299278 0.881848 
0.38 0.29423 0.263302 0.858846 
0.38 0.359884 0.275857 0.854734 
0.38 0.397792 0.291523 0.881848 
0.4 0.484685 0.313495 0.881848 
0.42 0.540539 0.296095 0.896136 
0.42 0.426752 0.268569 0.835783 
0.32 0.325819 0.312127 0.858846 
0.4 0.381113 0.27525 0.900236 
0.46 0.522805 0.26874 0.881848 
0.42 0.442879 0.275762 0.93846 
0.4 0.327004 0.252171 0.936526 
0.42 0.41928 0.260419 0.900236 
0.32 0.371559 0.310991 0.896136 
0.36 0.342775 0.321881 0.900236 
0.44 0.480963 0.256756 0.896136 
0.46 0.504136 0.253613 0.881848 
0.36 0.33754 0.288916 0.936526 
0.4 0.417216 0.258356 0.835783 
0.48 0.421673 0.226651 0.858793 
0.42 0.329249 0.266946 0.844273 
0.46 0.522578 0.261015 0.896136 
0.4 0.36219 0.292057 0.900236 
0.42 0.362986 0.260146 0.93846 
0.38 0.341312 0.283064 0.861263 
0.4 0.390418 0.265293 0.757185 
0.44 0.438232 0.252417 0.861263 
0.46 0.459067 0.24604 0.861263 
0.34 0.373114 0.300478 0.900236 
0.42 0.375313 0.282973 0.881848 
0.42 0.457966 0.260822 0.861263 
0.36 0.353404 0.266429 0.881848 
0.42 0.441268 0.265281 0.858793 
0.42 0.431732 0.255536 0.861263 
0.36 0.326745 0.267122 0.900236 
0.4 0.379988 0.26826 0.851402 
0.44 0.472686 0.264408 0.722676 
0.44 0.47002 0.259405 0.881848 
0.4 0.441278 0.269069 0.862805 
0.38 0.358227 0.269182 0.861263 
0.42 0.460234 0.290747 0.896643 
0.38 0.359195 0.240727 0.757185 
0.4 0.473316 0.262704 0.881848 
0.46 0.491684 0.25918 0.881848 
0.42 0.412531 0.296111 0.896643 
0.42 0.446217 0.254749 0.824513 
0.42 0.438056 0.276827 0.861263 
0.44 0.432316 0.243567 0.876444 
0.36 0.373008 0.296179 0.872252 
0.44 0.426303 0.25916 0.93846 
0.36 0.384368 0.305979 0.872252 
0.34 0.344604 0.313018 0.881848 
0.42 0.420211 0.275601 0.835783 
0.4 0.45585 0.274497 0.851402 
0.38 0.403115 0.25501 0.93846 
0.34 0.366203 0.30823 0.93846 
0.4 0.350228 0.278801 0.824513 
0.4 0.408749 0.291145 0.861263 
0.46 0.459613 0.266004 0.881848 
0.42 0.429057 0.264386 0.825284 
0.38 0.37341 0.28448 0.896136 
0.32 0.38596 0.320209 0.896136 
0.42 0.437098 0.271496 0.861263 
0.4 0.399569 0.280919 0.872252 
0.42 0.434232 0.26516 0.936526 
0.4 0.404046 0.275129 0.881848 
0.28 0.273172 0.339111 0.882777 
0.38 0.405657 0.282353 0.896136 
0.42 0.505381 0.265059 0.872252 
0.38 0.392543 0.277474 0.93846 
0.4 0.417044 0.242533 0.861263 
0.44 0.479523 0.245054 0.861263 
0.42 0.505067 0.281051 0.900236 
0.42 0.413364 0.274333 0.881848 
0.34 0.332591 0.320738 0.851402 
0.38 0.397431 0.288985 0.881848 
0.44 0.434802 0.272255 0.881848 
0.42 0.433547 0.265185 0.824513 
0.4 0.445555 0.264921 0.904839 
0.4 0.455961 0.288056 0.858846 
0.42 0.45529 0.305003 0.896643 
0.42 0.360903 0.259159 0.900236 
0.44 0.518671 0.274 0.881848 
0.48 0.497734 0.235366 0.851402 
0.32 0.316861 0.312529 0.861263 
0.38 0.387576 0.275353 0.93846 
0.3 0.306363 0.309671 0.900236 
0.36 0.368568 0.302159 0.876444 
0.42 0.426881 0.28761 0.896136 
0.4 0.445203 0.30814 0.896643 
0.4 0.406643 0.275691 0.851172 
0.46 0.536276 0.251439 0.77196 
0.4 0.418243 0.286118 0.872252 
0.38 0.390783 0.301108 0.881848 
0.44 0.465446 0.248126 0.861263 
0.48 0.509098 0.243397 0.861263 
0.44 0.488994 0.262468 0.881848 
0.42 0.376628 0.264684 0.872252 
0.3 0.253161 0.309734 0.851402 
0.32 0.351395 0.330263 0.896136 
0.42 0.427571 0.268427 0.881848 
0.34 0.331207 0.301525 0.851402 
0.42 0.448161 0.265108 0.835783 
0.38 0.4048 0.302647 0.896643 
0.48 0.521301 0.267244 0.851402 
0.38 0.384432 0.306121 0.858793 
0.34 0.345034 0.30205 0.881848 
0.36 0.352894 0.294969 0.824513 
0.4 0.407272 0.273072 0.881848 
0.44 0.485916 0.265233 0.93846 
0.34 0.317148 0.29548 0.861263 
0.28 0.277195 0.314709 0.851402 
0.4 0.449337 0.280797 0.881848 
0.38 0.326652 0.288313 0.872252 
0.36 0.376276 0.286997 0.824513 
0.44 0.400319 0.251025 0.896136 
0.38 0.407083 0.29016 0.93846 
0.4 0.427015 0.278649 0.881848 
0.44 0.465455 0.270055 0.896136 
0.44 0.474857 0.27393 0.904839 
0.44 0.464659 0.24477 0.835783 
0.38 0.379715 0.28284 0.876444 
0.4 0.340127 0.287329 0.872252 
0.4 0.457466 0.312356 0.835783 
0.42 0.435306 0.269366 0.900236 
0.36 0.384793 0.283964 0.896136 
0.34 0.370078 0.315203 0.851402 
0.42 0.415669 0.289052 0.872252 
0.42 0.421345 0.260258 0.900236 
0.38 0.388404 0.275753 0.851402 
0.38 0.413012 0.282475 0.858846 
0.36 0.349279 0.305363 0.872252 
0.5 0.533952 0.217126 0.66875 
0.4 0.415156 0.283485 0.881848 
0.44 0.40581 0.276907 0.858793 
0.38 0.361393 0.300981 0.858793 
0.38 0.301187 0.299879 0.93846 
0.44 0.486967 0.265408 0.861263 
0.4 0.403046 0.272027 0.851172 
0.4 0.344395 0.259285 0.851402 
0.38 0.383502 0.275981 0.858793 
0.44 0.421511 0.264215 0.881848 
0.4 0.449531 0.276235 0.872252 
0.42 0.395075 0.24091 0.858793 
0.4 0.457364 0.284451 0.93846 
0.36 0.298822 0.274224 0.896643 

