0.38 0.310186 0.295246 0.851402 
0.38 0.384016 0.276736 0.872252 
0.34 0.376609 0.3 0.896136 
0.38 0.431052 0.292213 0.851402 
0.36 0.376091 0.277787 0.851402 
0.38 0.459618 0.287087 0.93846 
0.4 0.459063 0.283552 0.77196 
0.38 0.449272 0.29967 0.835783 
0.42 0.3595 0.27108 0.835783 
0.32 0.352177 0.302829 0.896136 
0.44 0.49797 0.268395 0.881848 
0.36 0.375045 0.292311 0.881848 
0.36 0.452656 0.304675 0.904839 
0.44 0.43725 0.247338 0.757185 
0.3 0.316801 0.316191 0.858846 
0.38 0.375105 0.300529 0.936526 
0.46 0.413554 0.238118 0.824513 
0.42 0.494526 0.287135 0.881848 
0.4 0.448666 0.278344 0.896136 
0.36 0.310455 0.299136 0.904839 
0.36 0.371989 0.295629 0.904839 
0.34 0.364523 0.309869 0.858846 
0.44 0.412387 0.268708 0.881848 
0.42 0.471686 0.262918 0.881848 
0.4 0.422812 0.282319 0.881848 
0.38 0.371568 0.268171 0.807312 
0.42 0.423368 0.259725 0.861263 
0.32 0.257081 0.307151 0.858846 
0.38 0.334707 0.301721 0.896643 
0.44 0.378669 0.285975 0.936526 
0.42 0.449527 0.283056 0.858793 
0.42 0.434885 0.249357 0.876444 
0.34 0.342127 0.313658 0.881848 
0.38 0.343923 0.282299 0.872252 
0.38 0.384798 0.287251 0.93846 
0.34 0.396973 0.30797 0.836028 
0.4 0.341622 0.261213 0.858846 
0.48 0.501229 0.247964 0.881848 
0.4 0.433811 0.279613 0.861263 
0.38 0.415429 0.310129 0.82225 
0.36 0.359412 0.294737 0.900236 
0.36 0.365092 0.298749 0.876444 
0.4 0.422326 0.238424 0.861263 
0.34 0.438352 0.320044 0.896136 
0.34 0.359903 0.312853 0.861263 
0.34 0.270705 0.288433 0.858846 
0.44 0.370545 0.241813 0.861263 
0.32 0.305729 0.302107 0.904839 
0.42 0.488615 0.280058 0.900236 
0.38 0.369064 0.285857 0.825284 
0.4 0.436672 0.279522 0.936526 
0.38 0.344423 0.28283 0.82225 
0.4 0.484518 0.286518 0.936526 
0.44 0.447379 0.2672 0.876444 
0.36 0.369314 0.277385 0.900236 
0.4 0.461072 0.301076 0.858846 
0.44 0.459877 0.259705 0.881848 
0.36 0.374174 0.309465 0.861263 
0.4 0.453707 0.279326 0.861263 
0.4 0.46409 0.299772 0.881848 
0.4 0.401717 0.275722 0.851402 
0.38 0.402092 0.275681 0.881848 
0.32 0.318741 0.327023 0.896136 
0.38 0.406883 0.296281 0.881848 
0.38 0.349177 0.257507 0.824513 
0.4 0.433899 0.282414 0.881848 
0.36 0.399657 0.317519 0.881848 
0.44 0.423266 0.244735 0.807312 
0.42 0.468089 0.306071 0.896136 
0.38 0.312019 0.278949 0.93846 
0.4 0.413443 0.285091 0.881848 
0.38 0.408318 0.259894 0.816218 
0.44 0.45304 0.262351 0.876444 
0.44 0.539655 0.281644 0.896136 
0.42 0.419563 0.261863 0.876444 
0.28 0.208356 0.327039 0.851402 
0.32 0.327721 0.287824 0.881848 
0.42 0.471473 0.289122 0.881848 
0.44 0.451948 0.251797 0.896136 
0.36 0.378123 0.307424 0.851402 
0.4 0.433473 0.283879 0.900236 
0.42 0.437139 0.26835 0.881848 
0.36 0.355987 0.279934 0.881848 
0.38 0.348691 0.261884 0.896643 
0.36 0.367258 0.280833 0.858846 
0.36 0.372698 0.299572 0.854734 
0.44 0.484564 0.252198 0.881848 
0.38 0.463053 0.274602 0.862805 
0.44 0.444254 0.266456 0.881848 
0.42 0.446981 0.266378 0.861263 
0.4 0.415008 0.241623 0.872252 
0.36 0.422206 0.294164 0.820023 
0.4 0.457901 0.293167 0.900236 
0.42 0.445064 0.272251 0.824513 
0.42 0.397847 0.265118 0.881848 
0.4 0.370925 0.262604 0.807312 
0.4 0.408305 0.267343 0.900236 
0.4 0.360268 0.283052 0.861263 
0.4 0.390672 0.284916 0.936526 
0.42 0.413373 0.255064 0.861263 
0.46 0.465127 0.239651 0.896136 
0.36 0.459646 0.30229 0.861263 
0.42 0.468617 0.279125 0.872252 
0.34 0.348798 0.316589 0.881848 
0.44 0.411837 0.253184 0.896643 
0.36 0.341715 0.284058 0.854734 
0.36 0.391418 0.271954 0.788291 
0.32 0.306043 0.296064 0.861263 
0.34 0.330823 0.28234 0.881848 
0.3 0.283333 0.28889 0.881848 
0.44 0.39613 0.262674 0.872252 
0.36 0.363921 0.285645 0.904839 
0.38 0.389441 0.295216 0.900236 
0.4 0.451286 0.268712 0.858846 
0.38 0.447782 0.289231 0.896136 
0.24 0.24961 0.355419 0.896643 
0.36 0.415688 0.280526 0.824513 
0.38 0.40374 0.284362 0.93846 
0.42 0.468399 0.280115 0.93846 
0.46 0.461511 0.228647 0.896136 
0.44 0.462988 0.265059 0.824513 
0.5 0.523092 0.243523 0.835783 
0.44 0.423557 0.251713 0.896136 
0.4 0.464965 0.275607 0.881848 
0.48 0.525911 0.248575 0.861263 
0.28 0.221655 0.322443 0.900236 
0.38 0.401856 0.285773 0.881848 
0.48 0.516213 0.256423 0.881848 
0.4 0.439287 0.286626 0.872252 
0.4 0.442893 0.279444 0.881848 
0.44 0.4347 0.254665 0.896136 
0.36 0.4201 0.301892 0.896643 
0.42 0.45498 0.297118 0.858846 
0.4 0.482324 0.26471 0.858793 
0.42 0.482254 0.267613 0.872252 
0.4 0.408189 0.26777 0.824513 
0.32 0.257757 0.313573 0.881848 
0.4 0.39582 0.275992 0.93846 
0.4 0.424928 0.300488 0.896643 
0.42 0.434394 0.235078 0.872252 
0.38 0.360037 0.264084 0.772408 
0.36 0.395024 0.30282 0.881848 
0.44 0.501914 0.260612 0.872252 
0.42 0.362009 0.222366 0.93846 
0.34 0.392061 0.304012 0.858846 
0.4 0.50446 0.289712 0.858793 
0.4 0.339637 0.26259 0.900236 
0.44 0.492823 0.24608 0.858793 
0.4 0.39632 0.292107 0.881848 
0.38 0.44949 0.292381 0.858846 
0.44 0.481296 0.298129 0.881848 
0.44 0.455818 0.265458 0.904839 
0.34 0.281643 0.306509 0.93846 
0.32 0.349473 0.297275 0.872252 
0.34 0.311182 0.299419 0.851402 
0.42 0.470209 0.251138 0.872252 
0.4 0.415082 0.284071 0.861263 
0.4 0.44418 0.307689 0.881848 
0.36 0.368971 0.290919 0.896136 
0.3 0.268811 0.311507 0.93846 
0.44 0.411304 0.242296 0.881848 
0.4 0.386705 0.276227 0.851172 
0.46 0.552593 0.25032 0.904839 
0.44 0.483245 0.298939 0.881848 
0.4 0.431001 0.28479 0.851402 
0.36 0.36269 0.285882 0.896136 
0.38 0.454318 0.300314 0.861263 
0.44 0.580229 0.279408 0.896136 
0.38 0.430751 0.311845 0.881848 
0.44 0.530814 0.269207 0.82225 
0.42 0.4015 0.278397 0.896136 
0.32 0.281287 0.30045 0.851402 
0.4 0.444935 0.263268 0.824513 
0.38 0.340197 0.294696 0.900236 
0.38 0.421849 0.285983 0.900236 
0.36 0.324564 0.305566 0.858793 
0.32 0.32299 0.305852 0.858846 
0.34 0.286226 0.308691 0.896643 
0.36 0.339803 0.263216 0.851402 
0.4 0.351529 0.280232 0.896643 
0.44 0.40624 0.236739 0.858846 
0.38 0.374123 0.285744 0.881848 
0.44 0.458526 0.254432 0.881848 
0.38 0.368564 0.272286 0.854734 
0.38 0.376975 0.258332 0.861263 
0.42 0.518505 0.274259 0.896136 
0.4 0.439542 0.271578 0.881848 
0.44 0.470371 0.281535 0.900236 
0.46 0.396237 0.247138 0.824513 
0.44 0.43907 0.257648 0.851402 
0.36 0.371286 0.299675 0.900236 
0.36 0.373966 0.303705 0.881848 
0.36 0.280329 0.279968 0.900236 
0.36 0.35575 0.282956 0.881848 
0.34 0.372443 0.307939 0.904839 
0.42 0.367592 0.272723 0.851402 
0.36 0.399338 0.296133 0.896136 
0.38 0.322268 0.291435 0.861263 
0.34 0.336753 0.289145 0.896136 
0.3 0.264891 0.303462 0.881848 
0.4 0.396723 0.283621 0.861263 
0.4 0.337067 0.296012 0.872252 
0.42 0.462183 0.257824 0.861263 
0.44 0.498123 0.27342 0.824513 
0.42 0.38178 0.233973 0.851402 
0.4 0.376651 0.278515 0.861263 
0.44 0.477607 0.284618 0.896136 
0.38 0.387631 0.294834 0.858846 
0.42 0.368383 0.263312 0.858793 
0.42 0.457794 0.263805 0.861263 
0.4 0.488082 0.313362 0.881848 
0.44 0.523838 0.269105 0.872252 
0.34 0.389191 0.307735 0.851402 
0.44 0.528726 0.280648 0.896136 
0.44 0.472871 0.252247 0.896136 
0.38 0.387349 0.287514 0.93846 
0.38 0.420586 0.303207 0.858846 
0.46 0.512186 0.258427 0.881848 
0.36 0.328078 0.252264 0.872252 
0.4 0.437565 0.290005 0.93846 
0.38 0.430918 0.288106 0.772408 
0.42 0.420785 0.279656 0.851172 
0.42 0.39052 0.279766 0.904839 
0.34 0.297484 0.280283 0.93846 
0.42 0.470297 0.272373 0.861263 
0.42 0.496586 0.271863 0.881848 
0.36 0.40767 0.291693 0.93846 
0.36 0.366953 0.29535 0.835783 
0.42 0.43732 0.256918 0.851402 
0.4 0.411383 0.257172 0.93846 
0.42 0.488008 0.273934 0.904839 
0.36 0.433663 0.299594 0.900236 
0.4 0.39825 0.271387 0.881848 
0.38 0.359722 0.303033 0.904839 
0.32 0.297854 0.307292 0.900236 
0.38 0.405726 0.270814 0.93846 
0.42 0.454646 0.281531 0.881848 
0.48 0.522291 0.222756 0.872252 
0.44 0.410726 0.25806 0.896136 
0.4 0.379072 0.275158 0.82225 
0.34 0.354135 0.320166 0.896643 
0.4 0.418128 0.30021 0.881848 
0.36 0.401074 0.294685 0.904839 
0.4 0.426326 0.266988 0.851402 
0.38 0.372434 0.290744 0.872252 
0.38 0.415466 0.295896 0.936526 
0.36 0.322051 0.293885 0.900236 
0.4 0.443963 0.29531 0.896643 
0.38 0.361912 0.29354 0.936526 
0.38 0.369129 0.297191 0.872252 
0.4 0.438273 0.312354 0.881848 
0.34 0.348844 0.307367 0.851402 
0.46 0.488073 0.28371 0.851402 
0.36 0.410318 0.313821 0.881848 
0.4 0.412929 0.279109 0.872252 
0.4 0.427242 0.303727 0.936526 
0.44 0.451661 0.258462 0.858793 
0.4 0.49897 0.264112 0.896136 
0.42 0.469256 0.285235 0.881848 
0.42 0.39669 0.260565 0.896136 
0.38 0.35832 0.265487 0.872252 
0.36 0.375271 0.296512 0.808531 
0.36 0.319079 0.315679 0.896643 
0.36 0.309779 0.293846 0.900236 
0.36 0.383511 0.313025 0.881848 
0.44 0.413415 0.247752 0.772408 
0.36 0.35832 0.275213 0.862805 
0.4 0.416294 0.275885 0.896643 
0.38 0.415619 0.286111 0.900236 
0.4 0.387756 0.264259 0.896136 
0.4 0.454665 0.268577 0.851402 
0.36 0.38484 0.285426 0.862805 
0.46 0.457341 0.242062 0.872252 
0.38 0.362375 0.288903 0.861263 
0.38 0.43389 0.282421 0.900236 
0.38 0.419058 0.303467 0.896643 
0.34 0.310696 0.309693 0.896136 
0.36 0.39239 0.290036 0.854734 
0.32 0.2913 0.308861 0.861263 
0.42 0.466465 0.283022 0.896136 
0.42 0.413846 0.26952 0.858846 
0.44 0.333901 0.263574 0.851402 
0.38 0.386039 0.284206 0.872252 
0.42 0.419683 0.250681 0.93846 
0.38 0.401805 0.279573 0.861263 
0.44 0.474288 0.2613 0.851172 
0.4 0.387191 0.265441 0.881848 
0.36 0.385205 0.312982 0.900236 

