0.4 0.409087 0.270562 0.851402 
0.38 0.412036 0.294262 0.900236 
0.32 0.359 0.280084 0.896136 
0.38 0.471959 0.308919 0.896136 
0.44 0.433876 0.265074 0.881848 
0.34 0.335855 0.292216 0.872252 
0.44 0.445356 0.268164 0.881848 
0.42 0.458391 0.285235 0.862805 
0.42 0.431297 0.269006 0.835783 
0.42 0.502446 0.260186 0.896136 
0.4 0.507307 0.313859 0.900236 
0.44 0.452161 0.261012 0.872252 
0.36 0.294873 0.279492 0.93846 
0.4 0.351635 0.258502 0.900236 
0.38 0.42122 0.278832 0.861263 
0.34 0.269774 0.294751 0.861263 
0.38 0.310645 0.270344 0.772408 
0.36 0.353533 0.30623 0.900236 
0.36 0.291258 0.290813 0.772408 
0.44 0.502243 0.2682 0.872252 
0.36 0.357903 0.286659 0.896643 
0.44 0.481592 0.266327 0.735818 
0.36 0.430927 0.293401 0.872252 
0.32 0.271945 0.310479 0.896136 
0.44 0.434806 0.242466 0.881848 
0.4 0.453818 0.284461 0.93846 
0.3 0.303289 0.335771 0.900236 
0.38 0.401481 0.285619 0.904839 
0.42 0.367309 0.28681 0.881848 
0.34 0.346358 0.296895 0.896136 
0.36 0.392936 0.317897 0.881848 
0.44 0.408402 0.285212 0.824513 
0.38 0.432705 0.287074 0.881848 
0.38 0.366842 0.274374 0.82225 
0.42 0.386353 0.270271 0.824513 
0.36 0.411827 0.302771 0.904839 
0.38 0.399347 0.291798 0.900236 
0.34 0.386914 0.305337 0.896136 
0.42 0.438542 0.248008 0.900236 
0.4 0.392927 0.263587 0.861263 
0.34 0.306358 0.295918 0.896136 
0.44 0.5399 0.277131 0.904839 
0.42 0.426025 0.287491 0.803752 
0.42 0.367768 0.257684 0.835783 
0.38 0.359389 0.29248 0.900236 
0.36 0.35288 0.2559 0.93846 
0.44 0.471936 0.252724 0.896136 
0.38 0.379197 0.303753 0.900236 
0.38 0.372225 0.296747 0.900236 
0.4 0.291128 0.270724 0.824513 
0.38 0.378766 0.281422 0.900236 
0.4 0.385381 0.276905 0.824513 
0.38 0.358866 0.282299 0.881848 
0.4 0.413207 0.277655 0.858846 
0.34 0.307812 0.31051 0.896643 
0.38 0.366846 0.272516 0.851172 
0.34 0.333073 0.306615 0.896136 
0.42 0.439921 0.271387 0.824513 
0.42 0.436811 0.236378 0.77196 
0.4 0.398695 0.278428 0.872252 
0.42 0.441949 0.266021 0.854734 
0.36 0.360231 0.316811 0.861263 
0.48 0.49548 0.257821 0.82225 
0.46 0.468321 0.274386 0.900236 
0.32 0.233663 0.311442 0.851402 
0.42 0.365573 0.257223 0.896643 
0.4 0.429992 0.275355 0.861263 
0.34 0.307571 0.31012 0.904839 
0.36 0.31233 0.278474 0.900236 
0.36 0.358454 0.284405 0.851402 
0.46 0.506256 0.248782 0.881848 
0.34 0.32712 0.306487 0.851402 
0.34 0.354991 0.313178 0.881848 
0.44 0.520662 0.247082 0.872252 
0.4 0.429589 0.263697 0.881848 
0.36 0.343937 0.293976 0.858846 
0.44 0.488726 0.256501 0.770481 
0.44 0.450462 0.24202 0.803576 
0.42 0.409758 0.284601 0.835783 
0.38 0.362115 0.281855 0.861263 
0.36 0.366097 0.299151 0.872252 
0.32 0.329911 0.296437 0.881848 
0.38 0.363333 0.283462 0.872252 
0.4 0.4493 0.255751 0.93846 
0.4 0.367226 0.261241 0.82225 
0.42 0.485291 0.277094 0.881848 
0.44 0.454457 0.251241 0.851402 
0.38 0.332031 0.290459 0.904839 
0.4 0.436843 0.299524 0.851402 
0.32 0.288268 0.307033 0.851402 
0.42 0.371212 0.240999 0.772408 
0.4 0.446374 0.281741 0.851402 
0.4 0.399968 0.287563 0.881848 
0.46 0.446286 0.265787 0.835783 
0.38 0.377776 0.28709 0.881848 
0.38 0.335966 0.281002 0.881848 
0.46 0.485023 0.238064 0.851402 
0.36 0.402217 0.286392 0.872252 
0.4 0.394908 0.274011 0.93846 
0.36 0.391126 0.307404 0.881848 
0.36 0.380562 0.281496 0.904839 
0.36 0.298405 0.267329 0.770481 
0.42 0.386548 0.269265 0.861263 
0.36 0.337952 0.298692 0.876444 
0.44 0.45285 0.225463 0.858793 
0.4 0.382141 0.284139 0.82225 
0.3 0.217359 0.332203 0.93846 
0.38 0.377952 0.269377 0.900236 
0.36 0.368138 0.302374 0.851402 
0.4 0.436315 0.284533 0.858793 
0.46 0.547659 0.249381 0.851402 
0.38 0.345002 0.286243 0.861263 
0.44 0.514862 0.270626 0.881848 
0.34 0.33354 0.285038 0.896136 
0.3 0.329161 0.316633 0.872252 
0.36 0.289272 0.28598 0.851172 
0.38 0.389233 0.295181 0.896136 
0.38 0.410295 0.275654 0.861263 
0.42 0.385664 0.268522 0.900236 
0.42 0.388932 0.273524 0.896136 
0.34 0.270307 0.309561 0.824513 
0.44 0.436602 0.274397 0.900236 
0.3 0.260988 0.303005 0.825284 
0.4 0.423937 0.282154 0.93846 
0.4 0.47338 0.291389 0.881848 
0.4 0.42846 0.291435 0.896136 
0.32 0.276505 0.285677 0.876444 
0.42 0.466386 0.265898 0.824513 
0.34 0.421511 0.295143 0.858846 
0.4 0.393566 0.269533 0.881848 
0.36 0.383655 0.284564 0.881848 
0.38 0.399213 0.25714 0.876444 
0.44 0.417683 0.264809 0.858793 
0.36 0.396491 0.327136 0.881848 
0.42 0.451832 0.274869 0.881848 
0.38 0.415568 0.273108 0.900236 
0.36 0.353871 0.296074 0.900236 
0.38 0.389103 0.273917 0.772408 
0.46 0.514959 0.252361 0.896136 
0.38 0.363435 0.294291 0.824513 
0.28 0.297285 0.330454 0.851402 
0.42 0.451864 0.257476 0.881848 
0.42 0.41454 0.260739 0.861263 
0.3 0.242328 0.318177 0.881848 
0.36 0.362615 0.293493 0.896136 
0.36 0.409434 0.319133 0.900236 
0.38 0.368193 0.26461 0.861263 
0.42 0.503118 0.279577 0.881848 
0.4 0.406522 0.287497 0.896136 
0.4 0.373656 0.27802 0.851402 
0.44 0.430284 0.258668 0.858793 
0.44 0.453785 0.286247 0.881848 
0.38 0.398486 0.300624 0.881848 
0.42 0.501535 0.29443 0.881848 
0.42 0.492387 0.282449 0.881848 
0.42 0.401361 0.259965 0.896136 
0.44 0.510723 0.263528 0.881848 
0.46 0.47613 0.238853 0.93846 
0.4 0.378947 0.262163 0.861263 
0.4 0.419641 0.289661 0.900236 
0.38 0.419276 0.289634 0.900236 
0.42 0.46427 0.27974 0.881848 
0.36 0.367559 0.303895 0.851402 
0.38 0.337711 0.3029 0.936526 
0.44 0.362273 0.239615 0.82225 
0.44 0.499521 0.26789 0.881848 
0.4 0.442245 0.300593 0.881848 
0.4 0.416702 0.290786 0.858846 
0.42 0.463044 0.281126 0.752125 
0.44 0.398579 0.256155 0.851402 
0.36 0.382058 0.302105 0.861263 
0.38 0.337285 0.293258 0.881848 
0.28 0.227974 0.317816 0.876444 
0.4 0.419151 0.283684 0.881848 
0.34 0.363551 0.288836 0.825284 
0.44 0.529591 0.271277 0.896136 
0.38 0.40037 0.277208 0.881848 
0.36 0.363532 0.279405 0.862805 
0.42 0.456151 0.242269 0.876444 
0.34 0.374105 0.301788 0.904839 
0.46 0.479935 0.267958 0.824513 
0.42 0.544145 0.24627 0.858793 
0.36 0.339396 0.273011 0.900236 
0.4 0.404615 0.282196 0.835783 
0.42 0.408388 0.265381 0.896643 
0.38 0.418253 0.300878 0.881848 
0.34 0.419715 0.316486 0.861263 
0.38 0.349987 0.277202 0.858793 
0.38 0.352774 0.246698 0.896643 
0.42 0.396463 0.272272 0.881848 
0.5 0.572878 0.245503 0.861263 
0.38 0.402009 0.268633 0.861263 
0.42 0.423044 0.286475 0.851402 
0.44 0.485115 0.275104 0.881848 
0.4 0.426423 0.294202 0.881848 
0.4 0.343905 0.245875 0.835783 
0.38 0.354524 0.277425 0.872252 
0.34 0.277685 0.295853 0.82225 
0.38 0.3429 0.283834 0.881848 
0.4 0.357473 0.272752 0.835783 
0.38 0.382951 0.280503 0.900236 
0.42 0.420734 0.261882 0.824513 
0.4 0.459428 0.267677 0.872252 
0.4 0.452887 0.260425 0.851402 
0.4 0.409828 0.265366 0.861263 
0.38 0.330559 0.282445 0.861263 
0.4 0.403152 0.272781 0.900236 
0.42 0.413901 0.26697 0.881848 
0.42 0.457891 0.277527 0.858793 
0.38 0.417142 0.285702 0.900236 
0.42 0.443092 0.271956 0.93846 
0.42 0.463844 0.280239 0.861263 
0.36 0.368045 0.260447 0.858846 
0.44 0.493776 0.248942 0.872252 
0.42 0.390126 0.286942 0.936526 
0.3 0.360583 0.324439 0.900236 
0.4 0.394607 0.268247 0.772408 
0.36 0.361986 0.310641 0.900236 
0.34 0.404263 0.292103 0.820023 
0.38 0.361555 0.291499 0.861263 
0.38 0.402463 0.278747 0.896136 
0.4 0.450198 0.299381 0.896136 
0.46 0.506265 0.258543 0.872252 
0.32 0.294531 0.311729 0.881848 
0.4 0.465701 0.279713 0.881848 
0.32 0.296855 0.318655 0.900236 
0.38 0.462294 0.270331 0.896136 
0.36 0.318292 0.302901 0.904839 
0.4 0.410841 0.271142 0.854734 
0.38 0.370837 0.279738 0.896136 
0.34 0.413795 0.331849 0.900236 
0.4 0.39183 0.277338 0.900236 
0.44 0.55526 0.270155 0.904839 
0.44 0.391663 0.277153 0.896136 
0.38 0.430807 0.284645 0.851402 
0.36 0.396468 0.280727 0.900236 
0.42 0.436334 0.286779 0.844273 
0.42 0.366643 0.267801 0.858846 
0.38 0.419512 0.29134 0.872252 
0.4 0.444157 0.266736 0.77196 
0.42 0.43819 0.265538 0.872252 
0.4 0.327879 0.278966 0.904839 
0.38 0.406624 0.283298 0.861263 
0.38 0.353209 0.279266 0.820023 
0.38 0.362129 0.259736 0.93846 
0.42 0.458067 0.255679 0.844273 
0.34 0.340669 0.285301 0.862805 
0.4 0.400458 0.27122 0.872252 
0.34 0.326351 0.302965 0.896643 
0.42 0.432121 0.261014 0.831648 
0.34 0.341016 0.315127 0.93846 
0.44 0.411374 0.256888 0.862805 
0.42 0.476732 0.28702 0.881848 
0.36 0.409471 0.29115 0.858846 
0.44 0.429881 0.260205 0.872252 
0.34 0.28618 0.278125 0.896643 
0.4 0.374401 0.281489 0.900236 
0.38 0.35326 0.269052 0.851172 
0.42 0.47101 0.282199 0.824513 
0.44 0.483379 0.275518 0.896136 
0.38 0.402435 0.29783 0.861263 
0.36 0.392149 0.300815 0.851402 
0.46 0.524648 0.263343 0.881848 
0.4 0.384298 0.275965 0.872252 
0.36 0.326448 0.28972 0.896643 
0.4 0.359 0.265289 0.93846 
0.34 0.344826 0.296198 0.858846 
0.42 0.420553 0.27084 0.881848 
0.26 0.225043 0.347237 0.896643 
0.44 0.461576 0.235042 0.872252 
0.44 0.504159 0.271326 0.881848 
0.42 0.437324 0.247309 0.896136 
0.4 0.360157 0.282364 0.896643 
0.34 0.384631 0.299324 0.904839 
0.44 0.493799 0.263502 0.881848 
0.32 0.278431 0.313756 0.861263 
0.48 0.486059 0.25214 0.881848 
0.38 0.328684 0.299678 0.896643 
0.44 0.406092 0.249977 0.861263 
0.44 0.483463 0.276997 0.900236 
0.42 0.465525 0.280588 0.851402 
0.36 0.304451 0.294962 0.851402 
0.46 0.499808 0.257766 0.881848 
0.4 0.44724 0.258489 0.861263 
0.4 0.378118 0.254634 0.835783 
0.36 0.322694 0.306379 0.904839 
0.36 0.321611 0.300331 0.872252 
0.42 0.481213 0.295327 0.881848 

