0.42 0.436672 0.276727 0.896136 
0.42 0.43357 0.268023 0.882777 
0.34 0.353228 0.301988 0.881848 
0.38 0.324939 0.259791 0.851402 
0.38 0.382354 0.277349 0.835783 
0.36 0.380419 0.302026 0.896136 
0.42 0.444722 0.240135 0.896136 
0.32 0.31251 0.324449 0.900236 
0.36 0.331767 0.297349 0.872252 
0.4 0.378294 0.274651 0.896136 
0.46 0.491476 0.259266 0.881848 
0.46 0.575058 0.258741 0.861263 
0.36 0.349543 0.26317 0.820023 
0.4 0.37491 0.248265 0.896136 
0.28 0.289754 0.300075 0.851172 
0.46 0.491397 0.223968 0.861263 
0.4 0.414392 0.27826 0.900236 
0.4 0.338803 0.282419 0.835783 
0.46 0.434052 0.252538 0.881848 
0.36 0.334188 0.305398 0.881848 
0.38 0.3658 0.295058 0.896136 
0.42 0.420007 0.280438 0.835783 
0.42 0.442143 0.268964 0.881848 
0.44 0.453198 0.241236 0.876444 
0.42 0.437241 0.276536 0.881848 
0.38 0.368726 0.284153 0.904839 
0.44 0.40468 0.255871 0.858793 
0.34 0.37404 0.289623 0.851402 
0.4 0.411364 0.269176 0.900236 
0.36 0.329652 0.275212 0.862805 
0.42 0.469367 0.26543 0.896136 
0.36 0.362416 0.269414 0.896136 
0.38 0.351265 0.252208 0.851402 
0.46 0.478491 0.247371 0.900236 
0.42 0.450864 0.249593 0.858793 
0.4 0.379563 0.262314 0.825284 
0.4 0.382933 0.272516 0.851172 
0.44 0.472066 0.26561 0.896136 
0.44 0.492378 0.247317 0.735818 
0.34 0.324736 0.28048 0.876444 
0.42 0.368906 0.277979 0.881848 
0.44 0.449397 0.256086 0.862805 
0.4 0.458794 0.28112 0.881848 
0.38 0.390154 0.2774 0.858793 
0.46 0.440495 0.254641 0.861263 
0.36 0.419331 0.295632 0.861263 
0.44 0.469885 0.279626 0.900236 
0.4 0.474464 0.267313 0.872252 
0.38 0.397162 0.279574 0.835783 
0.34 0.331693 0.310369 0.93846 
0.36 0.358949 0.287881 0.93846 
0.38 0.455429 0.298135 0.861263 
0.36 0.307927 0.286223 0.861263 
0.38 0.391797 0.275523 0.881848 
0.42 0.454762 0.269944 0.881848 
0.36 0.354269 0.298296 0.851402 
0.34 0.3502 0.309496 0.904839 
0.34 0.355602 0.282297 0.861263 
0.44 0.458132 0.239331 0.862805 
0.38 0.356709 0.293033 0.900236 
0.4 0.388131 0.265635 0.900236 
0.38 0.359482 0.288177 0.936526 
0.42 0.382335 0.270396 0.772408 
0.4 0.411341 0.258482 0.861263 
0.42 0.452193 0.278261 0.881848 
0.38 0.358509 0.297144 0.936526 
0.38 0.332684 0.254067 0.93846 
0.44 0.492596 0.28536 0.881848 
0.42 0.376193 0.271369 0.876444 
0.38 0.340396 0.270417 0.93846 
0.4 0.370735 0.266072 0.824513 
0.42 0.441097 0.256608 0.896136 
0.3 0.311158 0.332137 0.881848 
0.42 0.430455 0.286056 0.881848 
0.36 0.372276 0.280304 0.82225 
0.42 0.464849 0.26554 0.854734 
0.44 0.406805 0.251895 0.82225 
0.42 0.464988 0.267629 0.93846 
0.42 0.469534 0.255309 0.904839 
0.44 0.488004 0.266174 0.881848 
0.4 0.378128 0.271491 0.82225 
0.4 0.329105 0.288932 0.936526 
0.4 0.436551 0.291124 0.896136 
0.4 0.378137 0.273772 0.896643 
0.4 0.374054 0.275088 0.876444 
0.38 0.413008 0.282031 0.861263 
0.44 0.477473 0.271666 0.858793 
0.46 0.525388 0.241656 0.881848 
0.38 0.293123 0.253111 0.872252 
0.44 0.485129 0.265738 0.861263 
0.3 0.33466 0.325693 0.904839 
0.3 0.343678 0.304242 0.851402 
0.42 0.420243 0.286794 0.904839 
0.36 0.348562 0.288967 0.900236 
0.5 0.582942 0.261862 0.881848 
0.48 0.479306 0.236911 0.824513 
0.4 0.387904 0.291465 0.900236 
0.4 0.439806 0.29167 0.881848 
0.4 0.428895 0.293512 0.861263 
0.36 0.379993 0.271988 0.896136 
0.38 0.40724 0.280924 0.872252 
0.34 0.378058 0.293153 0.861263 
0.34 0.322514 0.302809 0.858793 
0.42 0.487823 0.288868 0.881848 
0.42 0.419248 0.248044 0.861263 
0.46 0.447434 0.259788 0.881848 
0.38 0.423794 0.277735 0.825284 
0.34 0.329966 0.305095 0.851172 
0.42 0.419914 0.280434 0.896136 
0.4 0.445717 0.282004 0.900236 
0.4 0.346187 0.261608 0.858793 
0.4 0.455262 0.277844 0.896136 
0.36 0.313121 0.290515 0.881848 
0.38 0.400574 0.301552 0.881848 
0.34 0.315936 0.287519 0.858846 
0.42 0.433103 0.270543 0.900236 
0.38 0.401032 0.283734 0.881848 
0.36 0.338901 0.290206 0.881848 
0.4 0.369087 0.285878 0.881848 
0.4 0.397306 0.263127 0.861263 
0.38 0.383664 0.27085 0.881848 
0.36 0.393783 0.303175 0.872252 
0.4 0.443129 0.242338 0.851172 
0.42 0.395232 0.284712 0.93846 
0.4 0.463331 0.292329 0.858846 
0.38 0.479403 0.267444 0.896136 
0.42 0.375804 0.261246 0.881848 
0.42 0.43813 0.258946 0.93846 
0.36 0.313737 0.287327 0.93846 
0.36 0.378151 0.295462 0.900236 
0.44 0.484328 0.265303 0.936526 
0.46 0.59389 0.241022 0.722676 
0.42 0.431848 0.248749 0.824513 
0.44 0.492462 0.279592 0.858793 
0.34 0.312149 0.286632 0.872252 
0.38 0.372406 0.311189 0.896136 
0.42 0.386881 0.28538 0.881848 
0.32 0.286874 0.286466 0.882777 
0.38 0.339076 0.285856 0.858793 
0.4 0.396931 0.281289 0.900236 
0.42 0.441977 0.247479 0.862805 
0.36 0.409263 0.291956 0.858846 
0.44 0.479033 0.274319 0.900236 
0.34 0.32144 0.290122 0.872252 
0.42 0.459757 0.276021 0.881848 
0.4 0.403856 0.284934 0.896643 
0.46 0.462715 0.234796 0.861263 
0.36 0.308052 0.264699 0.824513 
0.3 0.297364 0.332375 0.900236 
0.44 0.49117 0.277483 0.896136 
0.38 0.420373 0.286455 0.881848 
0.42 0.375281 0.276257 0.900236 
0.42 0.478324 0.260788 0.861263 
0.36 0.326925 0.283903 0.872252 
0.38 0.398746 0.278841 0.904839 
0.36 0.344608 0.296334 0.936526 
0.44 0.465566 0.267362 0.82225 
0.42 0.419502 0.251301 0.835783 
0.44 0.461979 0.2266 0.858846 
0.42 0.316866 0.271537 0.824513 
0.44 0.466779 0.247947 0.881848 
0.34 0.325036 0.305357 0.881848 
0.38 0.43526 0.279518 0.861263 
0.4 0.466418 0.256232 0.896136 
0.38 0.405323 0.289028 0.876444 
0.4 0.37479 0.267546 0.835783 
0.4 0.466997 0.295035 0.881848 
0.46 0.546752 0.262739 0.881848 
0.44 0.426367 0.246528 0.896136 
0.38 0.356024 0.284069 0.896136 
0.38 0.430348 0.286444 0.896136 
0.4 0.369184 0.283625 0.881848 
0.38 0.446856 0.308707 0.900236 
0.4 0.367323 0.266319 0.872252 
0.38 0.386552 0.28715 0.93846 
0.34 0.361722 0.287023 0.881848 
0.4 0.412452 0.260659 0.872252 
0.44 0.469983 0.262047 0.881848 
0.36 0.351302 0.258905 0.861263 
0.4 0.37198 0.256446 0.896136 
0.38 0.394274 0.291666 0.872252 
0.42 0.415387 0.260927 0.896643 
0.4 0.418396 0.278983 0.900236 
0.4 0.461335 0.297205 0.896643 
0.48 0.498956 0.243018 0.851172 
0.4 0.442852 0.278088 0.881848 
0.34 0.35232 0.318817 0.882777 
0.46 0.481944 0.230822 0.862805 
0.36 0.370652 0.304509 0.900236 
0.36 0.289425 0.298517 0.900236 
0.42 0.396186 0.260589 0.851402 
0.4 0.326416 0.285079 0.904839 
0.4 0.420086 0.285115 0.824513 
0.4 0.472644 0.280096 0.896136 
0.4 0.474144 0.282226 0.872252 
0.42 0.405435 0.28013 0.851402 
0.32 0.346127 0.306636 0.881848 
0.38 0.416614 0.295824 0.858793 
0.34 0.334008 0.317548 0.858846 
0.32 0.330383 0.310349 0.936526 
0.46 0.492744 0.23991 0.881848 
0.46 0.483615 0.263636 0.900236 
0.38 0.373883 0.273285 0.881848 
0.42 0.445064 0.276267 0.881848 
0.38 0.419553 0.274986 0.904839 
0.42 0.421817 0.260378 0.900236 
0.38 0.351172 0.280819 0.936526 
0.38 0.381798 0.275491 0.896136 
0.4 0.409971 0.264556 0.861263 
0.46 0.493614 0.249554 0.881848 
0.46 0.518551 0.250567 0.861263 
0.38 0.368383 0.277623 0.861263 
0.36 0.383312 0.329556 0.900236 
0.38 0.349136 0.290896 0.861263 
0.4 0.495396 0.270559 0.861263 
0.42 0.48237 0.257271 0.881848 
0.42 0.387872 0.265901 0.900236 
0.42 0.43776 0.255374 0.881848 
0.4 0.345687 0.285774 0.896643 
0.38 0.467173 0.271635 0.900236 
0.38 0.40799 0.29737 0.858846 
0.4 0.379845 0.276315 0.896136 
0.4 0.414554 0.28791 0.93846 
0.42 0.392811 0.244636 0.824513 
0.34 0.38771 0.307997 0.861263 
0.44 0.426673 0.271212 0.881848 
0.38 0.32824 0.279735 0.825284 
0.46 0.475186 0.227058 0.900236 
0.46 0.476417 0.264899 0.93846 
0.34 0.2722 0.292817 0.900236 
0.4 0.459799 0.300941 0.900236 
0.36 0.413151 0.313419 0.881848 
0.44 0.445856 0.289894 0.835783 
0.38 0.389492 0.275272 0.881848 
0.38 0.407731 0.296809 0.93846 
0.28 0.229348 0.314911 0.900236 
0.38 0.35932 0.286883 0.861263 
0.4 0.465205 0.280445 0.851402 
0.36 0.34908 0.298624 0.854734 
0.42 0.469983 0.262239 0.816218 
0.4 0.375734 0.265157 0.872252 
0.36 0.468437 0.289172 0.816218 
0.36 0.471566 0.294132 0.881848 
0.38 0.410128 0.321209 0.861263 
0.32 0.329411 0.325716 0.896643 
0.42 0.450402 0.279652 0.881848 
0.38 0.345992 0.279146 0.861263 
0.3 0.289244 0.311326 0.904839 
0.32 0.310534 0.301527 0.862805 
0.44 0.470584 0.249891 0.881848 
0.44 0.472598 0.266114 0.881848 
0.32 0.319278 0.32198 0.900236 
0.46 0.442565 0.248331 0.82225 
0.4 0.329573 0.267545 0.896136 
0.4 0.35807 0.300489 0.900236 
0.38 0.47651 0.299239 0.772408 
0.38 0.422891 0.278077 0.835783 
0.42 0.366259 0.260992 0.881848 
0.36 0.335364 0.261841 0.93846 
0.38 0.396454 0.255554 0.861263 
0.36 0.347747 0.29781 0.858846 
0.34 0.271246 0.304071 0.872252 
0.4 0.486458 0.281707 0.881848 
0.4 0.391793 0.264171 0.862805 
0.42 0.433047 0.251725 0.896136 
0.32 0.307816 0.317533 0.824513 
0.36 0.40062 0.302416 0.900236 
0.4 0.465446 0.253795 0.896136 
0.36 0.354445 0.29466 0.861263 
0.4 0.400023 0.269617 0.843973 
0.4 0.372975 0.247531 0.896136 
0.3 0.288397 0.31989 0.861263 
0.34 0.336526 0.297451 0.900236 
0.4 0.385664 0.288148 0.900236 
0.44 0.409304 0.270068 0.835783 
0.48 0.506738 0.23039 0.881848 
0.44 0.472672 0.26695 0.900236 
0.44 0.427839 0.254693 0.861263 
0.38 0.381229 0.300583 0.93846 
0.42 0.488948 0.255597 0.77196 
0.42 0.381211 0.257853 0.861263 
0.44 0.496896 0.276296 0.872252 
0.34 0.327522 0.292508 0.851172 
0.46 0.476389 0.253993 0.93846 
0.38 0.391959 0.292068 0.881848 
0.44 0.451888 0.255347 0.93846 
0.4 0.432996 0.276686 0.772408 
0.38 0.407596 0.274461 0.851402 

