0.36 0.35058 0.304437 0.858846 
0.4 0.444666 0.274296 0.881848 
0.38 0.344317 0.275394 0.861263 
0.42 0.439065 0.270281 0.904839 
0.4 0.424303 0.273151 0.896136 
0.38 0.436875 0.305189 0.858846 
0.36 0.338845 0.290142 0.900236 
0.38 0.356287 0.292572 0.881848 
0.42 0.394468 0.277028 0.858793 
0.38 0.374063 0.31066 0.900236 
0.42 0.476982 0.292355 0.900236 
0.32 0.330485 0.313853 0.896136 
0.42 0.381261 0.273461 0.896136 
0.4 0.402541 0.297716 0.896136 
0.38 0.38958 0.281389 0.876444 
0.38 0.404129 0.301108 0.900236 
0.42 0.486022 0.298793 0.936526 
0.42 0.376364 0.254456 0.881848 
0.4 0.358412 0.295315 0.881848 
0.4 0.465076 0.2771 0.904839 
0.42 0.431057 0.281275 0.900236 
0.38 0.380234 0.276889 0.854734 
0.4 0.435593 0.310258 0.881848 
0.4 0.467233 0.277913 0.904839 
0.4 0.495271 0.292168 0.896136 
0.42 0.380234 0.248295 0.772408 
0.38 0.368443 0.26815 0.93846 
0.42 0.412721 0.267425 0.858793 
0.44 0.520509 0.272319 0.896136 
0.38 0.324347 0.255481 0.824513 
0.4 0.364587 0.276329 0.807312 
0.36 0.341891 0.307074 0.900236 
0.36 0.322852 0.295879 0.900236 
0.42 0.502752 0.300803 0.881848 
0.44 0.382206 0.266222 0.936526 
0.38 0.436783 0.278392 0.862805 
0.42 0.428811 0.279997 0.861263 
0.38 0.348487 0.287189 0.851402 
0.36 0.47001 0.318254 0.858846 
0.4 0.473154 0.293944 0.882777 
0.34 0.374313 0.297564 0.861263 
0.42 0.4025 0.274262 0.858793 
0.42 0.428247 0.26378 0.881848 
0.42 0.458748 0.277284 0.872252 
0.36 0.41704 0.283987 0.904839 
0.38 0.39912 0.287903 0.881848 
0.38 0.354093 0.255324 0.862805 
0.4 0.331411 0.243646 0.900236 
0.3 0.274764 0.324383 0.876444 
0.44 0.448939 0.246833 0.881848 
0.44 0.537586 0.267057 0.881848 
0.36 0.331744 0.298788 0.881848 
0.38 0.407994 0.257464 0.858793 
0.42 0.393237 0.26279 0.824513 
0.44 0.476403 0.244149 0.861263 
0.38 0.380535 0.295851 0.900236 
0.44 0.42608 0.276275 0.876444 
0.4 0.459336 0.266213 0.93846 
0.4 0.397945 0.265928 0.936526 
0.36 0.368726 0.289107 0.896643 
0.36 0.40899 0.289599 0.881848 
0.46 0.526934 0.272124 0.861263 
0.3 0.297345 0.320884 0.851402 
0.46 0.507497 0.239162 0.93846 
0.38 0.380539 0.304905 0.896136 
0.4 0.396 0.270962 0.858793 
0.34 0.326212 0.304197 0.900236 
0.48 0.516135 0.245178 0.858793 
0.4 0.415544 0.270327 0.881848 
0.42 0.381498 0.268467 0.858793 
0.44 0.425474 0.229768 0.872252 
0.42 0.380757 0.271654 0.872252 
0.3 0.304946 0.318776 0.862805 
0.42 0.454383 0.274154 0.881848 
0.38 0.378979 0.275218 0.896136 
0.42 0.403254 0.236439 0.861263 
0.4 0.430455 0.273138 0.881848 
0.38 0.361958 0.272107 0.851402 
0.46 0.466358 0.246041 0.900236 
0.42 0.427122 0.258163 0.872252 
0.32 0.309136 0.294996 0.904839 
0.38 0.34396 0.295264 0.896136 
0.36 0.38016 0.307623 0.900236 
0.36 0.374822 0.290453 0.882777 
0.38 0.397783 0.304627 0.881848 
0.36 0.400773 0.295366 0.896643 
0.38 0.391663 0.271422 0.772408 
0.34 0.304483 0.281712 0.93846 
0.32 0.317195 0.296513 0.896643 
0.36 0.325342 0.289385 0.835783 
0.42 0.42808 0.270382 0.872252 
0.4 0.313316 0.278207 0.900236 
0.4 0.462933 0.278353 0.861263 
0.36 0.464798 0.292837 0.872252 
0.44 0.467673 0.23913 0.770673 
0.36 0.374864 0.29984 0.851402 
0.36 0.366833 0.285407 0.872252 
0.4 0.31326 0.266946 0.93846 
0.36 0.311867 0.272254 0.858793 
0.32 0.312524 0.312359 0.93846 
0.46 0.46833 0.253501 0.861263 
0.42 0.351881 0.262079 0.93846 
0.38 0.36456 0.293005 0.872252 
0.3 0.236357 0.331073 0.900236 
0.3 0.332971 0.323742 0.896136 
0.34 0.380488 0.326602 0.851402 
0.42 0.424687 0.259205 0.851172 
0.42 0.452258 0.279965 0.881848 
0.36 0.335609 0.297752 0.872252 
0.42 0.381294 0.272398 0.861263 
0.36 0.343673 0.292454 0.896136 
0.36 0.331925 0.29386 0.900236 
0.4 0.37173 0.29198 0.861263 
0.4 0.366527 0.282347 0.900236 
0.42 0.391598 0.258657 0.896643 
0.44 0.492619 0.274317 0.881848 
0.42 0.407717 0.25066 0.900236 
0.36 0.356098 0.294829 0.882777 
0.42 0.348802 0.280008 0.896643 
0.38 0.41304 0.284163 0.93846 
0.44 0.503289 0.272506 0.858793 
0.42 0.399977 0.268265 0.824513 
0.44 0.449258 0.271832 0.896136 
0.44 0.448726 0.270173 0.900236 
0.44 0.408638 0.271557 0.904839 
0.46 0.49167 0.259347 0.881848 
0.44 0.452735 0.246558 0.900236 
0.4 0.442648 0.278665 0.872252 
0.4 0.417095 0.25992 0.872252 
0.42 0.382488 0.239855 0.772408 
0.38 0.384946 0.295119 0.904839 
0.36 0.366272 0.26858 0.825284 
0.38 0.387765 0.267081 0.861263 
0.5 0.476736 0.220301 0.835783 
0.42 0.364319 0.269557 0.824513 
0.44 0.479074 0.23217 0.862805 
0.44 0.363694 0.226463 0.93846 
0.32 0.380252 0.304747 0.861263 
0.38 0.425654 0.287031 0.858793 
0.36 0.430205 0.308204 0.824513 
0.44 0.430427 0.244292 0.936526 
0.44 0.476491 0.269858 0.896136 
0.46 0.453725 0.244924 0.858793 
0.36 0.38134 0.293337 0.876444 
0.38 0.358449 0.267407 0.900236 
0.44 0.458512 0.285442 0.824513 
0.44 0.37903 0.250237 0.862805 
0.36 0.326689 0.304059 0.900236 
0.4 0.385617 0.311726 0.900236 
0.4 0.409369 0.27758 0.881848 
0.46 0.414614 0.255815 0.881848 
0.36 0.31101 0.301333 0.900236 
0.4 0.394079 0.262391 0.896136 
0.4 0.348437 0.281285 0.851172 
0.42 0.4918 0.26771 0.861263 
0.42 0.429145 0.281177 0.851402 
0.44 0.423988 0.273919 0.896643 
0.42 0.41042 0.284153 0.861263 
0.42 0.505053 0.2693 0.881848 
0.38 0.430191 0.273688 0.881848 
0.38 0.412184 0.275055 0.93846 
0.36 0.446513 0.313102 0.904839 
0.3 0.282338 0.323174 0.854734 
0.38 0.391552 0.299945 0.861263 
0.44 0.471797 0.241993 0.858846 
0.32 0.304321 0.318323 0.896136 
0.42 0.410527 0.287199 0.881848 
0.44 0.394399 0.270083 0.896136 
0.46 0.534332 0.272134 0.881848 
0.42 0.438421 0.264972 0.872252 
0.32 0.31258 0.315562 0.936526 
0.42 0.375332 0.256576 0.896136 
0.42 0.411281 0.256053 0.872252 
0.36 0.317644 0.322003 0.896643 
0.44 0.508566 0.271564 0.862805 
0.38 0.346571 0.259988 0.858793 
0.36 0.314251 0.290489 0.900236 
0.42 0.468645 0.265345 0.82225 
0.4 0.375619 0.280281 0.93846 
0.36 0.407791 0.291154 0.872252 
0.44 0.451489 0.264665 0.82225 
0.42 0.480995 0.290703 0.900236 
0.4 0.473288 0.29574 0.900236 
0.44 0.463039 0.25419 0.858793 
0.34 0.317051 0.300552 0.904839 
0.4 0.316704 0.264047 0.900236 
0.38 0.353408 0.259044 0.936526 
0.38 0.439745 0.282608 0.900236 
0.44 0.409369 0.26127 0.858846 
0.4 0.383655 0.253434 0.896136 
0.42 0.404865 0.230705 0.872252 
0.4 0.433348 0.27559 0.936526 
0.4 0.433172 0.259936 0.861263 
0.42 0.356338 0.272966 0.858793 
0.38 0.385122 0.317588 0.881848 
0.42 0.453873 0.286556 0.904839 
0.34 0.328499 0.320486 0.900236 
0.34 0.285476 0.294702 0.900236 
0.36 0.415345 0.284685 0.93846 
0.36 0.402926 0.330044 0.881848 
0.42 0.486147 0.284888 0.876444 
0.4 0.389432 0.300184 0.896643 
0.42 0.500544 0.255857 0.93846 
0.34 0.366902 0.320609 0.900236 
0.34 0.338914 0.301734 0.861263 
0.4 0.395926 0.29102 0.900236 
0.44 0.446694 0.280963 0.835783 
0.34 0.345469 0.322291 0.900236 
0.46 0.492721 0.253592 0.881848 
0.38 0.385539 0.29391 0.858793 
0.36 0.372096 0.274902 0.904839 
0.44 0.480356 0.276429 0.896136 
0.46 0.45391 0.253628 0.824513 
0.44 0.47582 0.274942 0.900236 
0.42 0.50864 0.278318 0.881848 
0.42 0.50939 0.277695 0.881848 
0.4 0.430496 0.289707 0.835783 
0.4 0.430154 0.27514 0.896136 
0.36 0.319611 0.283063 0.896643 
0.36 0.360292 0.275345 0.900236 
0.44 0.504006 0.277986 0.881848 
0.42 0.374244 0.286219 0.872252 
0.36 0.395556 0.293443 0.900236 
0.4 0.501488 0.30837 0.881848 
0.4 0.46346 0.283395 0.900236 
0.38 0.383682 0.286931 0.93846 
0.38 0.352441 0.268251 0.881848 
0.42 0.403018 0.270441 0.835783 
0.34 0.345122 0.322691 0.881848 
0.34 0.366277 0.291653 0.861263 
0.36 0.44219 0.282114 0.900236 
0.36 0.31582 0.289087 0.900236 
0.34 0.423428 0.308157 0.881848 
0.38 0.383969 0.278209 0.896136 
0.38 0.361352 0.267389 0.770481 
0.3 0.303914 0.325504 0.858846 
0.28 0.270691 0.324615 0.872252 
0.44 0.411721 0.274111 0.896136 
0.46 0.457841 0.246433 0.881848 
0.46 0.467085 0.244391 0.861263 
0.34 0.303183 0.285267 0.872252 
0.42 0.430182 0.27987 0.896136 
0.38 0.400468 0.265634 0.844273 
0.4 0.312584 0.26195 0.851172 
0.44 0.455535 0.241288 0.807312 
0.38 0.401125 0.282403 0.876444 
0.32 0.313408 0.291361 0.896136 
0.42 0.43519 0.281273 0.896136 
0.34 0.35913 0.320435 0.851402 
0.38 0.343618 0.267438 0.862805 
0.32 0.341669 0.32567 0.900236 
0.4 0.363898 0.289322 0.881848 
0.4 0.332874 0.279081 0.876444 
0.46 0.425636 0.255809 0.881848 
0.44 0.443014 0.258098 0.861263 
0.38 0.365124 0.287138 0.862805 
0.46 0.497966 0.255048 0.881848 
0.4 0.436889 0.299977 0.881848 
0.4 0.446268 0.282058 0.900236 
0.4 0.463863 0.26446 0.854734 
0.4 0.369559 0.275005 0.844273 
0.4 0.404953 0.277123 0.896136 
0.42 0.441754 0.27028 0.900236 
0.36 0.363805 0.310674 0.900236 
0.44 0.520736 0.273015 0.904839 
0.4 0.46777 0.269907 0.896136 
0.36 0.376938 0.287374 0.861263 
0.46 0.501465 0.244032 0.896136 
0.46 0.498637 0.277923 0.881848 
0.42 0.430015 0.278911 0.876444 
0.36 0.361791 0.296418 0.93846 
0.38 0.370934 0.295229 0.900236 
0.44 0.520315 0.27642 0.904839 
0.4 0.487569 0.305421 0.881848 
0.44 0.502993 0.262673 0.881848 
0.4 0.400949 0.271508 0.904839 
0.42 0.453605 0.257714 0.825284 
0.42 0.412397 0.264901 0.900236 
0.44 0.48506 0.261537 0.851402 
0.34 0.322139 0.31168 0.881848 
0.32 0.314149 0.318751 0.900236 
0.42 0.423914 0.280339 0.872252 
0.36 0.329832 0.291268 0.900236 
0.44 0.44531 0.25769 0.858793 
0.36 0.284259 0.289297 0.936526 
0.4 0.448962 0.294574 0.881848 
0.36 0.41061 0.303428 0.881848 
0.42 0.470534 0.260444 0.772408 

