0.4 0.417641 0.264565 0.900236 
0.38 0.381715 0.285798 0.900236 
0.4 0.409892 0.294421 0.861263 
0.4 0.358065 0.276269 0.900236 
0.36 0.354718 0.300496 0.900236 
0.42 0.373471 0.265763 0.881848 
0.46 0.480926 0.241149 0.896136 
0.38 0.343678 0.285358 0.872252 
0.46 0.570832 0.25454 0.757185 
0.4 0.368971 0.282971 0.861263 
0.38 0.351705 0.290729 0.858846 
0.34 0.335327 0.309608 0.93846 
0.36 0.309112 0.278242 0.862805 
0.4 0.474593 0.286889 0.896136 
0.38 0.376466 0.28037 0.900236 
0.4 0.399468 0.266433 0.861263 
0.46 0.449855 0.248415 0.862805 
0.44 0.513876 0.242848 0.700191 
0.34 0.421636 0.324636 0.904839 
0.36 0.420169 0.301332 0.881848 
0.4 0.451452 0.286059 0.881848 
0.42 0.419424 0.295545 0.872252 
0.38 0.470515 0.272669 0.820023 
0.4 0.380072 0.254054 0.861263 
0.4 0.431936 0.27878 0.861263 
0.42 0.40275 0.268735 0.851402 
0.38 0.395315 0.238534 0.851172 
0.4 0.411855 0.278928 0.824513 
0.42 0.420956 0.237266 0.817822 
0.32 0.33972 0.305878 0.936526 
0.34 0.308423 0.30191 0.861263 
0.4 0.405328 0.294044 0.862805 
0.4 0.390367 0.274651 0.936526 
0.34 0.370221 0.319595 0.93846 
0.34 0.359218 0.312413 0.93846 
0.42 0.474371 0.286271 0.881848 
0.34 0.330309 0.301249 0.872252 
0.42 0.346724 0.284763 0.900236 
0.44 0.430154 0.243383 0.862805 
0.38 0.440685 0.271368 0.862805 
0.32 0.296526 0.289242 0.881848 
0.38 0.346117 0.268945 0.858793 
0.34 0.350145 0.315327 0.896643 
0.36 0.379854 0.274801 0.872252 
0.28 0.284925 0.324076 0.861263 
0.36 0.317611 0.290129 0.851402 
0.38 0.378924 0.299632 0.896643 
0.42 0.43919 0.280175 0.93846 
0.38 0.462025 0.292107 0.881848 
0.4 0.488059 0.277254 0.835783 
0.42 0.516861 0.274731 0.881848 
0.4 0.439019 0.274467 0.862805 
0.38 0.408143 0.287555 0.844273 
0.42 0.416952 0.266207 0.824513 
0.44 0.398195 0.277297 0.881848 
0.4 0.47532 0.259403 0.881848 
0.42 0.45541 0.253602 0.881848 
0.46 0.486721 0.289972 0.881848 
0.4 0.369397 0.258335 0.93846 
0.38 0.309117 0.265378 0.851402 
0.38 0.417475 0.284263 0.861263 
0.32 0.345414 0.296576 0.896136 
0.34 0.318144 0.31357 0.858793 
0.5 0.489642 0.228898 0.824513 
0.42 0.433751 0.23655 0.858793 
0.42 0.531688 0.273507 0.881848 
0.42 0.400676 0.263149 0.858793 
0.38 0.437959 0.28249 0.881848 
0.34 0.333086 0.304272 0.896136 
0.36 0.346877 0.273283 0.772408 
0.42 0.443472 0.252305 0.872252 
0.4 0.422757 0.272762 0.896643 
0.38 0.38197 0.278378 0.844273 
0.46 0.490096 0.231847 0.763442 
0.34 0.397047 0.303325 0.851402 
0.38 0.470802 0.293832 0.872252 
0.44 0.417567 0.275858 0.824513 
0.38 0.347552 0.296821 0.872252 
0.38 0.330883 0.263594 0.807312 
0.38 0.367832 0.265785 0.824513 
0.42 0.363069 0.286361 0.824513 
0.34 0.314644 0.301389 0.900236 
0.38 0.392297 0.289907 0.896136 
0.38 0.372434 0.274043 0.872252 
0.36 0.346441 0.305834 0.900236 
0.46 0.476024 0.216444 0.861263 
0.4 0.345502 0.276833 0.872252 
0.4 0.470274 0.300907 0.904839 
0.32 0.300155 0.290886 0.896136 
0.36 0.382159 0.307934 0.904839 
0.38 0.324953 0.298475 0.896136 
0.44 0.407221 0.245378 0.861263 
0.42 0.422118 0.280333 0.861263 
0.38 0.383539 0.297668 0.824513 
0.4 0.392806 0.273473 0.876444 
0.4 0.378438 0.271947 0.904839 
0.38 0.308844 0.254962 0.900236 
0.42 0.390821 0.256405 0.872252 
0.38 0.344289 0.276398 0.896136 
0.42 0.482981 0.279451 0.858793 
0.44 0.476477 0.288156 0.861263 
0.34 0.295947 0.273684 0.816218 
0.46 0.530957 0.278395 0.881848 
0.38 0.293299 0.270918 0.858793 
0.4 0.449716 0.287425 0.881848 
0.36 0.322652 0.301246 0.835783 
0.42 0.473612 0.278995 0.881848 
0.44 0.559296 0.266808 0.861263 
0.4 0.426261 0.251837 0.896136 
0.44 0.45435 0.281857 0.881848 
0.36 0.377489 0.310679 0.835783 
0.36 0.358921 0.29209 0.896136 
0.32 0.311307 0.297592 0.858846 
0.4 0.411462 0.300772 0.82225 
0.3 0.300516 0.29981 0.872252 
0.32 0.368823 0.313574 0.904839 
0.34 0.302664 0.293549 0.93846 
0.46 0.497109 0.25392 0.835783 
0.36 0.394626 0.307859 0.881848 
0.42 0.385928 0.265909 0.861263 
0.4 0.41173 0.281742 0.824513 
0.36 0.349103 0.299506 0.900236 
0.4 0.42134 0.276429 0.844273 
0.34 0.326735 0.302871 0.900236 
0.34 0.338257 0.312878 0.896643 
0.38 0.38365 0.288569 0.862805 
0.36 0.338401 0.294727 0.825284 
0.44 0.465844 0.242069 0.858793 
0.42 0.435519 0.267094 0.835783 
0.38 0.380382 0.303988 0.936526 
0.4 0.473445 0.287865 0.836028 
0.4 0.401481 0.259443 0.900236 
0.44 0.462891 0.263103 0.876444 
0.44 0.460562 0.248846 0.881848 
0.34 0.328619 0.28124 0.93846 
0.36 0.47919 0.29433 0.77196 
0.4 0.409193 0.247044 0.900236 
0.46 0.419956 0.226149 0.82225 
0.36 0.371406 0.288933 0.900236 
0.44 0.425715 0.2489 0.900236 
0.4 0.405587 0.274054 0.825284 
0.36 0.411531 0.312043 0.851172 
0.42 0.44218 0.274901 0.872252 
0.4 0.42639 0.280005 0.904839 
0.4 0.454989 0.266316 0.900236 
0.44 0.517385 0.26354 0.835783 
0.44 0.439051 0.262732 0.881848 
0.34 0.330809 0.30814 0.876444 
0.38 0.484624 0.314064 0.835783 
0.36 0.329781 0.284388 0.896136 
0.44 0.453012 0.245093 0.825284 
0.44 0.469663 0.253927 0.876444 
0.44 0.482648 0.282262 0.896136 
0.44 0.440944 0.269073 0.881848 
0.4 0.367823 0.28856 0.876444 
0.44 0.517885 0.267669 0.872252 
0.32 0.325939 0.294349 0.861263 
0.44 0.457956 0.251467 0.881848 
0.42 0.394445 0.266675 0.900236 
0.44 0.503122 0.246253 0.896136 
0.46 0.399815 0.232035 0.835783 
0.36 0.358787 0.292261 0.93846 
0.36 0.378891 0.320732 0.900236 
0.38 0.355028 0.282462 0.93846 
0.34 0.399546 0.302416 0.900236 
0.44 0.451823 0.27491 0.872252 
0.42 0.441662 0.276867 0.896136 
0.4 0.346761 0.262476 0.772408 
0.48 0.553306 0.251062 0.876444 
0.4 0.363143 0.265959 0.936526 
0.28 0.218141 0.32689 0.900236 
0.36 0.404208 0.302177 0.881848 
0.36 0.409082 0.297424 0.881848 
0.46 0.489221 0.259041 0.881848 
0.34 0.307284 0.296083 0.862805 
0.46 0.480292 0.243339 0.835783 
0.32 0.295781 0.312063 0.900236 
0.38 0.341544 0.284151 0.862805 
0.44 0.378864 0.257471 0.858793 
0.42 0.420586 0.266274 0.904839 
0.48 0.441903 0.239081 0.861263 
0.38 0.37834 0.300414 0.900236 
0.32 0.325851 0.311496 0.851402 
0.38 0.361046 0.292758 0.872252 
0.42 0.414355 0.232578 0.824513 
0.28 0.286462 0.320794 0.872252 
0.42 0.411568 0.277762 0.881848 
0.44 0.453739 0.251891 0.881848 
0.42 0.436042 0.267007 0.835783 
0.32 0.417137 0.316698 0.900236 
0.44 0.464743 0.253085 0.861263 
0.38 0.397917 0.275053 0.876444 
0.42 0.429436 0.257159 0.900236 
0.46 0.485564 0.25382 0.93846 
0.38 0.397917 0.292719 0.881848 
0.4 0.465492 0.29057 0.851402 
0.4 0.421511 0.276275 0.851402 
0.4 0.386724 0.256495 0.851402 
0.36 0.364472 0.290364 0.881848 
0.38 0.406087 0.292414 0.851402 
0.34 0.362972 0.279571 0.896136 
0.38 0.351145 0.293214 0.861263 
0.4 0.368031 0.263858 0.824513 
0.38 0.35956 0.290401 0.876444 
0.44 0.451031 0.267112 0.851402 
0.4 0.4113 0.28062 0.881848 
0.48 0.549742 0.241097 0.881848 
0.38 0.330573 0.306966 0.854734 
0.4 0.363504 0.278015 0.896136 
0.32 0.297516 0.31877 0.896136 
0.38 0.419549 0.296674 0.876444 
0.44 0.451545 0.247965 0.861263 
0.4 0.431126 0.279485 0.900236 
0.34 0.375933 0.28919 0.900236 
0.44 0.53186 0.278965 0.881848 
0.36 0.31201 0.297213 0.862805 
0.36 0.302011 0.29383 0.904839 
0.32 0.329263 0.317286 0.876444 
0.44 0.462933 0.275786 0.861263 
0.42 0.418016 0.273453 0.876444 
0.44 0.455845 0.246199 0.900236 
0.34 0.329142 0.302148 0.872252 
0.36 0.360134 0.30553 0.93846 
0.42 0.409633 0.252657 0.861263 
0.4 0.387511 0.272144 0.861263 
0.46 0.471774 0.245127 0.66875 
0.32 0.348006 0.315397 0.881848 
0.42 0.449392 0.29013 0.936526 
0.36 0.375656 0.28592 0.851402 
0.42 0.438 0.267565 0.896643 
0.36 0.377239 0.296229 0.896136 
0.44 0.494072 0.255306 0.861263 
0.38 0.392478 0.292122 0.858846 
0.4 0.417461 0.26634 0.825284 
0.3 0.243046 0.319169 0.936526 
0.44 0.41367 0.248991 0.881848 
0.42 0.394496 0.273131 0.861263 
0.4 0.408277 0.299021 0.896643 
0.42 0.406828 0.277264 0.861263 
0.32 0.266215 0.314424 0.858793 
0.36 0.341271 0.278158 0.858846 
0.4 0.352195 0.283241 0.896643 
0.44 0.521986 0.301789 0.881848 
0.42 0.406758 0.284579 0.93846 
0.46 0.460447 0.253092 0.896136 
0.36 0.406046 0.280562 0.835783 
0.4 0.365217 0.266734 0.881848 
0.44 0.445629 0.250481 0.861263 
0.38 0.378831 0.263787 0.896136 
0.4 0.374901 0.243637 0.862805 
0.38 0.373758 0.275999 0.876444 
0.36 0.379646 0.289355 0.851402 
0.38 0.366305 0.27429 0.93846 
0.44 0.432445 0.241869 0.881848 
0.34 0.343354 0.291404 0.881848 
0.42 0.416142 0.267111 0.900236 
0.38 0.404111 0.279833 0.900236 
0.42 0.456637 0.27816 0.844273 
0.38 0.35089 0.282307 0.854734 
0.36 0.44836 0.304627 0.858846 
0.4 0.444643 0.30704 0.851402 
0.42 0.412387 0.277547 0.900236 
0.38 0.370434 0.259344 0.900236 
0.38 0.347451 0.309534 0.824513 
0.34 0.353061 0.300379 0.900236 
0.44 0.431737 0.225668 0.858793 
0.44 0.416211 0.247975 0.896136 
0.42 0.450499 0.279056 0.851172 
0.5 0.581525 0.250292 0.881848 
0.42 0.494253 0.306573 0.881848 
0.36 0.345164 0.292252 0.900236 
0.38 0.358537 0.254994 0.900236 
0.34 0.33498 0.317741 0.858846 
0.42 0.393408 0.248249 0.861263 
0.42 0.468126 0.269093 0.77196 
0.38 0.356806 0.269288 0.858846 
0.42 0.450179 0.281068 0.824513 
0.44 0.384854 0.256038 0.854734 
0.34 0.331684 0.312261 0.896136 
0.38 0.442796 0.302382 0.881848 
0.4 0.434163 0.278031 0.93846 
0.36 0.311677 0.271093 0.851172 
0.46 0.427923 0.269726 0.896136 
0.38 0.426344 0.272385 0.772408 
0.4 0.416049 0.256271 0.896136 
0.42 0.417503 0.275413 0.862805 
0.42 0.439352 0.253538 0.858793 
0.38 0.368707 0.267274 0.936526 

