0.42 0.384381 0.234731 0.861263 
0.38 0.402833 0.303711 0.896643 
0.42 0.411295 0.273876 0.861263 
0.38 0.463914 0.291436 0.93846 
0.32 0.309358 0.318381 0.876444 
0.36 0.317361 0.277956 0.876444 
0.36 0.335415 0.293203 0.896136 
0.48 0.50452 0.264503 0.772408 
0.38 0.343155 0.294709 0.872252 
0.44 0.463993 0.292532 0.896136 
0.34 0.289476 0.283662 0.851402 
0.4 0.399398 0.25561 0.896136 
0.4 0.37716 0.274435 0.770673 
0.46 0.464844 0.267348 0.861263 
0.36 0.389955 0.300983 0.900236 
0.34 0.360898 0.302886 0.881848 
0.44 0.522541 0.260725 0.881848 
0.4 0.433306 0.288889 0.876444 
0.38 0.418016 0.292614 0.881848 
0.38 0.494267 0.303178 0.861263 
0.32 0.258725 0.288028 0.896643 
0.48 0.468747 0.25108 0.881848 
0.42 0.370897 0.261832 0.93846 
0.34 0.263534 0.269979 0.843973 
0.44 0.474228 0.270379 0.93846 
0.4 0.374637 0.288328 0.881848 
0.36 0.379206 0.299461 0.896136 
0.4 0.424867 0.275521 0.896136 
0.38 0.43083 0.282672 0.896136 
0.46 0.450068 0.252009 0.896136 
0.44 0.48019 0.268906 0.861263 
0.42 0.456933 0.251699 0.858793 
0.38 0.331596 0.287665 0.896643 
0.38 0.400505 0.288569 0.858846 
0.42 0.44718 0.25888 0.844273 
0.36 0.372142 0.299326 0.881848 
0.36 0.355871 0.271905 0.851402 
0.34 0.335207 0.276034 0.900236 
0.42 0.531531 0.275378 0.881848 
0.48 0.442055 0.244142 0.881848 
0.4 0.444856 0.282812 0.816218 
0.42 0.442301 0.258157 0.900236 
0.42 0.441972 0.285316 0.881848 
0.42 0.423173 0.275699 0.896136 
0.4 0.356116 0.268142 0.861263 
0.42 0.480653 0.270775 0.93846 
0.4 0.414767 0.290716 0.881848 
0.4 0.404282 0.259217 0.861263 
0.44 0.483986 0.289148 0.835783 
0.4 0.372452 0.274901 0.896643 
0.4 0.442495 0.307059 0.904839 
0.46 0.506219 0.269163 0.858846 
0.34 0.285865 0.315486 0.900236 
0.36 0.334577 0.292687 0.896136 
0.42 0.417313 0.26039 0.900236 
0.42 0.38527 0.265371 0.851402 
0.4 0.371096 0.255676 0.858793 
0.44 0.483731 0.264527 0.881848 
0.32 0.303858 0.305808 0.904839 
0.36 0.375827 0.284519 0.861263 
0.36 0.408096 0.289048 0.936526 
0.34 0.300905 0.291835 0.876444 
0.38 0.308788 0.276958 0.896136 
0.44 0.437963 0.255122 0.881848 
0.42 0.434047 0.273284 0.900236 
0.4 0.352876 0.273139 0.861263 
0.38 0.36237 0.287457 0.93846 
0.4 0.419553 0.276525 0.835783 
0.34 0.329166 0.311775 0.861263 
0.42 0.498428 0.276841 0.861263 
0.42 0.427326 0.279228 0.93846 
0.38 0.349478 0.284786 0.900236 
0.4 0.416933 0.301854 0.936526 
0.38 0.405948 0.31391 0.851402 
0.44 0.501275 0.265609 0.881848 
0.42 0.484958 0.255451 0.881848 
0.44 0.494128 0.266053 0.936526 
0.36 0.347997 0.302614 0.904839 
0.42 0.415327 0.28225 0.851402 
0.42 0.340451 0.243999 0.861263 
0.38 0.403393 0.269385 0.861263 
0.38 0.340238 0.278193 0.93846 
0.38 0.342335 0.284565 0.851172 
0.36 0.375137 0.307084 0.858846 
0.42 0.46658 0.249117 0.896136 
0.4 0.447332 0.263942 0.861263 
0.4 0.337072 0.248554 0.93846 
0.36 0.406212 0.302633 0.896643 
0.42 0.460257 0.279401 0.861263 
0.38 0.431168 0.300357 0.835783 
0.32 0.277473 0.29854 0.936526 
0.4 0.433399 0.278136 0.862805 
0.36 0.387881 0.311071 0.936526 
0.36 0.369411 0.282271 0.881848 
0.46 0.425752 0.255821 0.861263 
0.44 0.49023 0.241372 0.861263 
0.38 0.338188 0.276205 0.807312 
0.28 0.287295 0.310221 0.825284 
0.38 0.390126 0.289228 0.872252 
0.4 0.419299 0.276139 0.861263 
0.46 0.442069 0.268581 0.835783 
0.36 0.258452 0.280305 0.861263 
0.38 0.429742 0.281896 0.77196 
0.26 0.23157 0.334518 0.900236 
0.32 0.378952 0.324303 0.858793 
0.34 0.37098 0.335774 0.936526 
0.4 0.423729 0.265527 0.858846 
0.44 0.410462 0.244596 0.896136 
0.3 0.334355 0.326688 0.936526 
0.36 0.393061 0.301984 0.881848 
0.36 0.402259 0.30511 0.900236 
0.42 0.393445 0.291612 0.872252 
0.44 0.445004 0.265902 0.881848 
0.34 0.351714 0.321929 0.881848 
0.4 0.396769 0.280961 0.872252 
0.38 0.402495 0.28246 0.881848 
0.36 0.38334 0.310533 0.936526 
0.46 0.445305 0.219461 0.896136 
0.38 0.321162 0.288019 0.900236 
0.44 0.484032 0.261278 0.835783 
0.36 0.380873 0.282163 0.896136 
0.42 0.359185 0.260501 0.858793 
0.42 0.399745 0.255894 0.858793 
0.36 0.405504 0.294981 0.881848 
0.28 0.234922 0.310307 0.93846 
0.42 0.39994 0.259638 0.772408 
0.4 0.367444 0.276498 0.872252 
0.42 0.423692 0.25164 0.757185 
0.44 0.446134 0.260969 0.936526 
0.44 0.467913 0.261744 0.896136 
0.42 0.485097 0.306534 0.936526 
0.4 0.43245 0.258375 0.872252 
0.4 0.420164 0.285062 0.896136 
0.36 0.402051 0.268763 0.862805 
0.42 0.454147 0.276024 0.881848 
0.44 0.46378 0.276629 0.851172 
0.32 0.350339 0.31628 0.896136 
0.32 0.354158 0.293599 0.896136 
0.4 0.436699 0.272277 0.861263 
0.4 0.48281 0.271986 0.881848 
0.36 0.387381 0.301227 0.876444 
0.42 0.419526 0.278799 0.861263 
0.36 0.287096 0.296661 0.900236 
0.4 0.42571 0.281952 0.872252 
0.32 0.30222 0.316748 0.881848 
0.4 0.442727 0.295021 0.881848 
0.4 0.404856 0.274845 0.851402 
0.36 0.319898 0.285238 0.900236 
0.34 0.300113 0.310205 0.896643 
0.4 0.399556 0.28908 0.900236 
0.38 0.396227 0.283281 0.861263 
0.46 0.51332 0.27085 0.881848 
0.42 0.459368 0.287653 0.872252 
0.38 0.391589 0.277595 0.835783 
0.4 0.400472 0.266731 0.896136 
0.36 0.390126 0.319113 0.900236 
0.42 0.49972 0.26975 0.861263 
0.44 0.424011 0.253178 0.858793 
0.44 0.362236 0.236361 0.824513 
0.4 0.348312 0.241354 0.93846 
0.38 0.366518 0.279077 0.858793 
0.44 0.427177 0.271733 0.872252 
0.42 0.415035 0.298901 0.881848 
0.3 0.289337 0.303931 0.900236 
0.44 0.501535 0.286657 0.93846 
0.4 0.376581 0.267291 0.861263 
0.36 0.372698 0.274628 0.936526 
0.4 0.374063 0.276124 0.851402 
0.36 0.316695 0.301314 0.896643 
0.38 0.364921 0.294755 0.820023 
0.42 0.491096 0.273044 0.851402 
0.44 0.512978 0.266994 0.851172 
0.42 0.439264 0.257937 0.835783 
0.42 0.427807 0.266576 0.881848 
0.44 0.473311 0.268663 0.861263 
0.38 0.371684 0.29114 0.881848 
0.38 0.442639 0.289631 0.835783 
0.38 0.395547 0.266844 0.900236 
0.38 0.444472 0.296105 0.882777 
0.34 0.351769 0.296124 0.896136 
0.46 0.481532 0.264341 0.854734 
0.4 0.415239 0.298395 0.881848 
0.38 0.415725 0.290591 0.881848 
0.4 0.353158 0.266282 0.861263 
0.42 0.38914 0.239207 0.851402 
0.4 0.345358 0.264336 0.803576 
0.38 0.448393 0.29403 0.858846 
0.46 0.492823 0.255297 0.881848 
0.4 0.428242 0.302593 0.851402 
0.4 0.37816 0.268603 0.861263 
0.32 0.333665 0.303944 0.904839 
0.46 0.433519 0.263305 0.835783 
0.42 0.397426 0.274257 0.881848 
0.36 0.368286 0.276637 0.900236 
0.4 0.396866 0.280431 0.772408 
0.42 0.44692 0.266133 0.835783 
0.38 0.371253 0.265713 0.862805 
0.36 0.342678 0.298404 0.900236 
0.38 0.394908 0.317835 0.900236 
0.36 0.331323 0.29001 0.900236 
0.38 0.382798 0.28288 0.900236 
0.38 0.372077 0.283468 0.881848 
0.4 0.416572 0.28875 0.872252 
0.42 0.477255 0.280847 0.936526 
0.38 0.395482 0.281127 0.851172 
0.4 0.375133 0.244009 0.862805 
0.38 0.370216 0.28683 0.772408 
0.42 0.418924 0.271944 0.824513 
0.42 0.472959 0.289395 0.835783 
0.3 0.291383 0.320401 0.904839 
0.4 0.383312 0.285814 0.851402 
0.38 0.402194 0.280665 0.900236 
0.36 0.32193 0.29034 0.861263 
0.42 0.372637 0.267219 0.809422 
0.38 0.44961 0.270824 0.851402 
0.44 0.419785 0.248419 0.881848 
0.38 0.431376 0.292401 0.896136 
0.38 0.40737 0.291439 0.872252 
0.42 0.450212 0.288612 0.93846 
0.46 0.471047 0.257641 0.861263 
0.4 0.37354 0.278719 0.936526 
0.44 0.470918 0.255136 0.881848 
0.42 0.406036 0.262248 0.858793 
0.34 0.304775 0.296127 0.881848 
0.4 0.382497 0.274074 0.896136 
0.44 0.438222 0.254551 0.900236 
0.38 0.356454 0.287292 0.824513 
0.42 0.453883 0.296234 0.881848 
0.44 0.463784 0.258313 0.900236 
0.42 0.465682 0.267667 0.858846 
0.4 0.478681 0.280989 0.82225 
0.44 0.474186 0.274424 0.93846 
0.42 0.431177 0.236831 0.709001 
0.42 0.487263 0.271688 0.824513 
0.38 0.402486 0.273806 0.900236 
0.46 0.555158 0.266022 0.904839 
0.42 0.404305 0.249711 0.770673 
0.34 0.308344 0.283048 0.882777 
0.4 0.427696 0.2906 0.831648 
0.4 0.424465 0.28289 0.876444 
0.4 0.360083 0.282544 0.881848 
0.36 0.36612 0.315908 0.900236 
0.46 0.455119 0.25023 0.858793 
0.36 0.363277 0.293022 0.861263 
0.44 0.431376 0.267937 0.861263 
0.4 0.436348 0.293138 0.936526 
0.4 0.412846 0.306302 0.93846 
0.36 0.344141 0.305519 0.896643 
0.38 0.345877 0.270628 0.881848 
0.42 0.417308 0.297202 0.861263 
0.4 0.401926 0.284506 0.904839 
0.44 0.495494 0.224942 0.824513 
0.42 0.458762 0.27992 0.881848 
0.38 0.406624 0.29005 0.900236 
0.38 0.385011 0.284838 0.896136 
0.38 0.422826 0.297809 0.93846 
0.44 0.51282 0.240132 0.872252 
0.42 0.434658 0.278085 0.900236 
0.44 0.389663 0.259829 0.824513 
0.38 0.347756 0.291175 0.900236 
0.38 0.436704 0.261304 0.757185 
0.38 0.424182 0.31039 0.896136 
0.34 0.338901 0.293848 0.861263 
0.42 0.439181 0.249536 0.872252 
0.36 0.366027 0.294532 0.825284 
0.4 0.389455 0.295404 0.900236 
0.38 0.37959 0.296501 0.900236 
0.38 0.313723 0.273093 0.858846 
0.32 0.303192 0.319648 0.896643 
0.42 0.446439 0.270318 0.835783 
0.42 0.419137 0.251053 0.896643 
0.34 0.366458 0.303565 0.900236 
0.42 0.421132 0.247926 0.872252 
0.4 0.387025 0.256793 0.872252 
0.36 0.338692 0.285514 0.900236 
0.44 0.416767 0.26533 0.881848 
0.42 0.456401 0.282251 0.824513 
0.36 0.439671 0.274194 0.862805 
0.36 0.295369 0.280971 0.900236 
0.38 0.338729 0.289365 0.824513 
0.4 0.448143 0.272796 0.881848 
0.36 0.36842 0.284006 0.854734 
0.44 0.463238 0.246359 0.896136 
0.4 0.381423 0.276899 0.770673 
0.4 0.396329 0.267139 0.861263 
0.38 0.396653 0.262294 0.861263 
0.4 0.390543 0.25796 0.900236 
0.44 0.405286 0.269434 0.835783 

