0.34 0.325597 0.300339 0.851402 
0.38 0.395195 0.284932 0.881848 
0.4 0.33348 0.275841 0.900236 
0.42 0.424293 0.284428 0.872252 
0.38 0.359644 0.276855 0.900236 
0.42 0.437607 0.264375 0.851402 
0.36 0.369712 0.297021 0.824513 
0.38 0.434376 0.319644 0.825284 
0.34 0.284351 0.309594 0.936526 
0.42 0.447004 0.267003 0.861263 
0.38 0.349071 0.290757 0.851172 
0.44 0.439741 0.257829 0.881848 
0.44 0.465437 0.222595 0.881848 
0.44 0.465293 0.255191 0.872252 
0.36 0.402157 0.29198 0.904839 
0.32 0.306344 0.297983 0.896643 
0.36 0.407101 0.290259 0.904839 
0.36 0.387321 0.307392 0.896643 
0.34 0.347705 0.291899 0.904839 
0.36 0.357334 0.298637 0.896136 
0.44 0.47956 0.268878 0.861263 
0.4 0.399232 0.284026 0.862805 
0.42 0.404699 0.267728 0.93846 
0.38 0.345321 0.278083 0.900236 
0.36 0.355477 0.283458 0.851402 
0.38 0.409281 0.289137 0.900236 
0.44 0.533207 0.280755 0.881848 
0.44 0.439727 0.261135 0.896136 
0.32 0.32568 0.28257 0.896136 
0.38 0.373762 0.267468 0.858793 
0.34 0.316829 0.30651 0.872252 
0.44 0.441231 0.235932 0.851402 
0.46 0.497206 0.267652 0.835783 
0.36 0.367948 0.27282 0.851402 
0.34 0.347085 0.298026 0.851402 
0.36 0.348844 0.310142 0.881848 
0.38 0.379016 0.286953 0.882777 
0.38 0.380974 0.280469 0.872252 
0.4 0.442939 0.305146 0.851402 
0.42 0.490573 0.271873 0.904839 
0.42 0.399764 0.257356 0.861263 
0.5 0.511649 0.202512 0.858793 
0.4 0.469038 0.292509 0.861263 
0.38 0.352681 0.277182 0.825284 
0.4 0.390223 0.287428 0.900236 
0.42 0.414244 0.279366 0.896136 
0.42 0.464905 0.276724 0.876444 
0.38 0.417706 0.289695 0.851402 
0.34 0.333017 0.293242 0.881848 
0.42 0.399287 0.263623 0.896136 
0.44 0.422803 0.245155 0.858793 
0.42 0.40224 0.285706 0.900236 
0.44 0.486712 0.261459 0.881848 
0.32 0.355292 0.314351 0.936526 
0.44 0.459146 0.23619 0.861263 
0.3 0.302386 0.333981 0.896136 
0.44 0.483402 0.271839 0.881848 
0.4 0.463215 0.272565 0.93846 
0.42 0.53223 0.262146 0.896136 
0.4 0.396797 0.289768 0.861263 
0.36 0.377655 0.28941 0.93846 
0.4 0.411554 0.289383 0.900236 
0.36 0.345604 0.302086 0.936526 
0.4 0.391557 0.288607 0.93846 
0.36 0.333475 0.279391 0.900236 
0.38 0.358857 0.289273 0.936526 
0.44 0.499938 0.27842 0.835783 
0.4 0.431098 0.276227 0.861263 
0.36 0.384437 0.320855 0.900236 
0.34 0.335295 0.298677 0.881848 
0.4 0.439338 0.264537 0.896136 
0.38 0.391242 0.29815 0.896136 
0.36 0.340174 0.30295 0.896136 
0.4 0.420826 0.280536 0.881848 
0.4 0.385576 0.285567 0.900236 
0.44 0.451892 0.242559 0.881848 
0.4 0.432367 0.278445 0.900236 
0.46 0.458109 0.251581 0.861263 
0.4 0.406083 0.285156 0.881848 
0.48 0.498086 0.245325 0.861263 
0.4 0.481666 0.270245 0.861263 
0.42 0.463122 0.287151 0.896136 
0.4 0.421951 0.273304 0.904839 
0.4 0.39195 0.264833 0.896136 
0.4 0.424136 0.27632 0.82225 
0.42 0.424252 0.268842 0.896136 
0.42 0.409471 0.279748 0.861263 
0.38 0.410818 0.285978 0.881848 
0.4 0.379475 0.28696 0.900236 
0.38 0.373406 0.281414 0.876444 
0.38 0.372262 0.297254 0.936526 
0.42 0.417993 0.271568 0.881848 
0.36 0.401319 0.300439 0.904839 
0.32 0.29498 0.279296 0.900236 
0.38 0.43507 0.266587 0.851172 
0.34 0.405138 0.302332 0.896136 
0.42 0.395667 0.26765 0.904839 
0.4 0.47962 0.283357 0.835783 
0.38 0.417211 0.29068 0.896136 
0.4 0.408124 0.289051 0.904839 
0.4 0.469196 0.273056 0.851402 
0.42 0.435973 0.280362 0.93846 
0.4 0.379141 0.272186 0.824513 
0.42 0.391057 0.273085 0.824513 
0.42 0.410027 0.267486 0.858846 
0.42 0.446772 0.264282 0.861263 
0.44 0.411952 0.267982 0.881848 
0.42 0.470274 0.25636 0.881848 
0.42 0.488568 0.281887 0.881848 
0.4 0.441588 0.245404 0.705178 
0.4 0.399741 0.294519 0.900236 
0.38 0.359102 0.293177 0.900236 
0.38 0.420299 0.296728 0.772408 
0.38 0.407383 0.266955 0.824513 
0.38 0.317736 0.249708 0.900236 
0.36 0.374549 0.276412 0.904839 
0.46 0.481606 0.23345 0.862805 
0.42 0.38428 0.265061 0.844273 
0.38 0.337364 0.251147 0.807312 
0.4 0.360648 0.253253 0.900236 
0.4 0.433792 0.276376 0.858793 
0.44 0.50222 0.296941 0.861263 
0.46 0.442291 0.262736 0.858793 
0.4 0.419424 0.289813 0.93846 
0.36 0.389015 0.294984 0.936526 
0.42 0.473279 0.280523 0.896136 
0.38 0.355089 0.266911 0.900236 
0.38 0.441819 0.295866 0.93846 
0.38 0.411031 0.275937 0.861263 
0.44 0.42902 0.261423 0.824513 
0.42 0.465951 0.295439 0.896136 
0.44 0.448388 0.266795 0.851172 
0.38 0.354686 0.269255 0.835783 
0.4 0.498077 0.285823 0.881848 
0.4 0.412628 0.266832 0.881848 
0.38 0.327629 0.279364 0.896136 
0.38 0.352779 0.280648 0.904839 
0.44 0.419118 0.233834 0.770673 
0.42 0.335924 0.286892 0.843973 
0.42 0.439986 0.300032 0.900236 
0.42 0.428163 0.262555 0.881848 
0.42 0.434811 0.266209 0.836028 
0.4 0.348038 0.246222 0.858793 
0.46 0.503641 0.264192 0.881848 
0.34 0.331105 0.292573 0.904839 
0.38 0.409328 0.266103 0.881848 
0.38 0.406555 0.276035 0.881848 
0.4 0.422516 0.252832 0.820023 
0.42 0.489036 0.277445 0.896136 
0.38 0.407022 0.28522 0.904839 
0.44 0.410596 0.260569 0.900236 
0.42 0.411536 0.281767 0.881848 
0.48 0.555362 0.242052 0.861263 
0.42 0.395676 0.279657 0.858793 
0.46 0.48143 0.243185 0.82225 
0.38 0.37953 0.289454 0.900236 
0.38 0.402801 0.281032 0.851402 
0.4 0.489934 0.289978 0.851402 
0.42 0.439458 0.253138 0.861263 
0.42 0.408143 0.264431 0.900236 
0.38 0.384803 0.26601 0.93846 
0.44 0.410564 0.26723 0.872252 
0.42 0.364319 0.259098 0.862805 
0.38 0.419299 0.282874 0.881848 
0.36 0.29492 0.299055 0.936526 
0.4 0.359569 0.260368 0.896643 
0.4 0.442537 0.263735 0.881848 
0.38 0.401546 0.304793 0.900236 
0.38 0.433269 0.311845 0.881848 
0.42 0.361778 0.244647 0.861263 
0.34 0.355875 0.304381 0.872252 
0.38 0.378535 0.287806 0.872252 
0.34 0.387173 0.293642 0.881848 
0.44 0.498123 0.260333 0.881848 
0.42 0.39376 0.274605 0.896643 
0.44 0.400296 0.247306 0.824513 
0.34 0.350932 0.312298 0.904839 
0.4 0.371133 0.262674 0.900236 
0.4 0.494197 0.274198 0.861263 
0.42 0.430057 0.265558 0.861263 
0.36 0.3635 0.285252 0.872252 
0.42 0.401292 0.257608 0.861263 
0.42 0.325791 0.287702 0.861263 
0.42 0.452948 0.272058 0.881848 
0.34 0.412637 0.298463 0.900236 
0.42 0.425154 0.24435 0.900236 
0.38 0.406226 0.283957 0.900236 
0.38 0.319579 0.282416 0.858793 
0.42 0.404166 0.262856 0.82225 
0.4 0.364398 0.283496 0.936526 
0.38 0.411388 0.294146 0.881848 
0.32 0.348876 0.285815 0.851402 
0.38 0.364916 0.276755 0.900236 
0.38 0.419252 0.291521 0.858846 
0.4 0.429839 0.269293 0.770673 
0.4 0.376466 0.265196 0.896643 
0.38 0.432635 0.264811 0.824513 
0.38 0.418114 0.299346 0.93846 
0.4 0.438556 0.272377 0.896136 
0.38 0.335151 0.28289 0.896136 
0.42 0.4966 0.244107 0.872252 
0.34 0.343719 0.285899 0.900236 
0.48 0.489666 0.244381 0.861263 
0.34 0.278347 0.288541 0.824513 
0.36 0.40493 0.287206 0.851402 
0.34 0.335998 0.286101 0.858793 
0.38 0.359509 0.276855 0.896643 
0.36 0.333235 0.293358 0.881848 
0.36 0.411425 0.269959 0.896136 
0.4 0.392593 0.258734 0.93846 
0.3 0.327115 0.301892 0.904839 
0.5 0.515644 0.226484 0.881848 
0.42 0.38365 0.253308 0.824513 
0.42 0.43045 0.264495 0.824513 
0.4 0.487953 0.275933 0.93846 
0.38 0.360338 0.297788 0.900236 
0.32 0.327629 0.315692 0.896136 
0.44 0.498965 0.278687 0.900236 
0.36 0.400454 0.296579 0.936526 
0.5 0.524032 0.227805 0.872252 
0.4 0.35495 0.240928 0.861263 
0.42 0.406171 0.250728 0.861263 
0.34 0.331809 0.301244 0.854734 
0.38 0.362481 0.268973 0.904839 
0.34 0.319532 0.313578 0.904839 
0.44 0.464451 0.273114 0.881848 
0.36 0.319056 0.29336 0.824513 
0.38 0.36587 0.284518 0.900236 
0.38 0.391691 0.269826 0.858793 
0.44 0.450124 0.272347 0.861263 
0.34 0.315468 0.302581 0.835783 
0.42 0.432464 0.248548 0.851402 
0.4 0.425682 0.264519 0.835783 
0.44 0.45373 0.273703 0.872252 
0.4 0.352635 0.277632 0.772408 
0.44 0.465349 0.273692 0.881848 
0.42 0.422372 0.259273 0.896136 
0.4 0.432964 0.269363 0.872252 
0.42 0.485541 0.276001 0.772408 
0.4 0.398931 0.272879 0.900236 
0.36 0.3308 0.290685 0.872252 
0.42 0.471941 0.256001 0.77196 
0.38 0.363699 0.290428 0.825284 
0.4 0.378253 0.291336 0.896643 
0.34 0.310885 0.32555 0.900236 
0.4 0.43912 0.279829 0.900236 
0.42 0.434894 0.270341 0.881848 
0.42 0.406402 0.276097 0.858846 
0.44 0.509548 0.276406 0.881848 
0.44 0.458924 0.25943 0.861263 
0.4 0.459396 0.263878 0.881848 
0.44 0.473765 0.270826 0.881848 
0.44 0.488601 0.263931 0.881848 
0.38 0.388437 0.269897 0.772408 
0.32 0.328064 0.302778 0.876444 
0.36 0.323245 0.266425 0.861263 
0.36 0.346983 0.311209 0.896136 
0.4 0.429705 0.282311 0.872252 
0.34 0.315588 0.292449 0.900236 
0.4 0.457516 0.260185 0.872252 
0.42 0.466113 0.274222 0.900236 
0.44 0.508534 0.266865 0.881848 
0.4 0.40037 0.294042 0.851172 
0.4 0.34384 0.260596 0.861263 
0.42 0.387173 0.243566 0.82225 
0.36 0.391816 0.289901 0.876444 
0.42 0.448568 0.26197 0.881848 
0.4 0.391876 0.252732 0.862805 
0.4 0.471316 0.272918 0.881848 
0.36 0.370402 0.270367 0.770481 
0.34 0.331309 0.285973 0.844273 
0.36 0.406948 0.274189 0.872252 
0.42 0.442203 0.273116 0.881848 
0.34 0.372443 0.28272 0.851402 
0.32 0.292924 0.315874 0.876444 
0.38 0.468015 0.29301 0.881848 
0.38 0.420687 0.301099 0.896136 
0.34 0.342331 0.314619 0.861263 
0.42 0.384358 0.259401 0.896136 
0.4 0.370179 0.273546 0.861263 
0.42 0.440268 0.279614 0.858793 
0.44 0.527133 0.26361 0.881848 
0.4 0.358468 0.270017 0.936526 
0.36 0.306617 0.288962 0.872252 
0.42 0.423553 0.268336 0.772408 
0.36 0.366985 0.302617 0.900236 
0.4 0.447277 0.270809 0.858846 
0.42 0.478093 0.280039 0.896136 

