0.4 0.477468 0.280723 0.861263 
0.36 0.453026 0.294987 0.881848 
0.42 0.388932 0.276872 0.900236 
0.38 0.325726 0.254355 0.824513 
0.38 0.51045 0.28638 0.835783 
0.42 0.427589 0.281858 0.904839 
0.44 0.383395 0.267559 0.851172 
0.36 0.309816 0.289177 0.881848 
0.46 0.518375 0.265657 0.835783 
0.32 0.320319 0.298263 0.851402 
0.34 0.336396 0.293418 0.936526 
0.36 0.384548 0.287612 0.904839 
0.4 0.424895 0.282922 0.900236 
0.36 0.372614 0.279393 0.93846 
0.46 0.483449 0.255321 0.881848 
0.38 0.438621 0.290577 0.858846 
0.4 0.438676 0.264998 0.851172 
0.36 0.387117 0.290747 0.93846 
0.4 0.388136 0.274052 0.858793 
0.38 0.409605 0.272565 0.770481 
0.4 0.448346 0.258152 0.820023 
0.4 0.367842 0.282029 0.881848 
0.38 0.350598 0.284702 0.872252 
0.4 0.374008 0.27995 0.900236 
0.4 0.426557 0.297568 0.772408 
0.34 0.31183 0.305056 0.772408 
0.32 0.420127 0.316713 0.904839 
0.4 0.438801 0.296525 0.854734 
0.38 0.409582 0.274509 0.896643 
0.34 0.397898 0.313809 0.900236 
0.32 0.341377 0.313365 0.900236 
0.32 0.356047 0.297606 0.93846 
0.42 0.411087 0.262064 0.881848 
0.44 0.38621 0.266199 0.861263 
0.4 0.359977 0.251368 0.896136 
0.4 0.39313 0.300102 0.876444 
0.4 0.392931 0.288066 0.858793 
0.38 0.387886 0.291876 0.851402 
0.4 0.435093 0.285661 0.861263 
0.36 0.348075 0.29386 0.900236 
0.44 0.419817 0.247047 0.858793 
0.34 0.406134 0.307129 0.858846 
0.4 0.369004 0.277978 0.824513 
0.38 0.392376 0.27121 0.858846 
0.42 0.359079 0.267624 0.882777 
0.44 0.483944 0.270108 0.861263 
0.42 0.453998 0.274206 0.824513 
0.44 0.411008 0.242178 0.835783 
0.4 0.352445 0.292917 0.881848 
0.38 0.440125 0.303093 0.904839 
0.38 0.402912 0.292233 0.820023 
0.4 0.414568 0.281382 0.876444 
0.36 0.362717 0.297885 0.896136 
0.42 0.411971 0.269688 0.904839 
0.34 0.344928 0.319147 0.872252 
0.34 0.357329 0.298382 0.896136 
0.36 0.288471 0.266989 0.862805 
0.36 0.377942 0.309404 0.896643 
0.42 0.376785 0.248132 0.835783 
0.38 0.341618 0.265459 0.900236 
0.46 0.507015 0.26775 0.904839 
0.38 0.413596 0.305324 0.854734 
0.46 0.459109 0.224656 0.896136 
0.4 0.382641 0.268484 0.854734 
0.4 0.462951 0.274033 0.896136 
0.36 0.394269 0.308537 0.881848 
0.4 0.412466 0.285601 0.900236 
0.4 0.379734 0.280137 0.872252 
0.32 0.332573 0.333364 0.900236 
0.38 0.364481 0.284064 0.896136 
0.44 0.447328 0.26069 0.861263 
0.44 0.391108 0.266107 0.881848 
0.38 0.354204 0.274867 0.851402 
0.38 0.381757 0.270506 0.824513 
0.4 0.498257 0.279213 0.881848 
0.38 0.406217 0.297139 0.900236 
0.4 0.458989 0.277127 0.881848 
0.44 0.452202 0.246795 0.858793 
0.3 0.305562 0.317011 0.835783 
0.42 0.441491 0.264909 0.872252 
0.34 0.375762 0.311006 0.896136 
0.32 0.321231 0.316836 0.881848 
0.42 0.434991 0.267029 0.851402 
0.34 0.302733 0.286214 0.825284 
0.34 0.372827 0.285788 0.835783 
0.38 0.447328 0.283494 0.900236 
0.4 0.343058 0.26629 0.858793 
0.4 0.374244 0.262804 0.835783 
0.42 0.383761 0.250024 0.872252 
0.38 0.411466 0.279769 0.896136 
0.42 0.438181 0.282451 0.93846 
0.36 0.370568 0.262734 0.861263 
0.42 0.472339 0.254997 0.872252 
0.38 0.454818 0.279868 0.896136 
0.32 0.322833 0.290625 0.851402 
0.38 0.411633 0.310245 0.900236 
0.46 0.446004 0.252495 0.881848 
0.44 0.484995 0.249533 0.881848 
0.38 0.351158 0.291223 0.900236 
0.34 0.358148 0.315347 0.881848 
0.42 0.382359 0.268336 0.851172 
0.4 0.421396 0.279654 0.851402 
0.4 0.347682 0.278552 0.861263 
0.36 0.30353 0.281985 0.900236 
0.4 0.429191 0.272467 0.858793 
0.4 0.470043 0.257281 0.77196 
0.42 0.474751 0.27567 0.896136 
0.4 0.41442 0.280806 0.896136 
0.34 0.42384 0.314184 0.900236 
0.42 0.467534 0.282223 0.861263 
0.38 0.364361 0.284602 0.896136 
0.36 0.336012 0.291075 0.835783 
0.42 0.419201 0.26425 0.858793 
0.4 0.386927 0.263477 0.772408 
0.3 0.345585 0.324508 0.881848 
0.36 0.364273 0.281931 0.858793 
0.3 0.314565 0.318049 0.825284 
0.36 0.347205 0.294365 0.824513 
0.4 0.456058 0.297973 0.825284 
0.4 0.421437 0.294008 0.881848 
0.38 0.454526 0.298023 0.881848 
0.44 0.479199 0.257453 0.858846 
0.44 0.473973 0.27022 0.881848 
0.42 0.401046 0.275523 0.881848 
0.36 0.346427 0.301681 0.900236 
0.48 0.561403 0.259427 0.881848 
0.42 0.450101 0.247465 0.861263 
0.42 0.416359 0.273658 0.872252 
0.42 0.443976 0.2636 0.896136 
0.46 0.465377 0.231728 0.896136 
0.4 0.428562 0.26677 0.824513 
0.4 0.426914 0.280598 0.881848 
0.3 0.338702 0.347724 0.904839 
0.44 0.492323 0.265859 0.904839 
0.4 0.45223 0.28874 0.844273 
0.32 0.302733 0.315716 0.896643 
0.42 0.424752 0.251803 0.900236 
0.44 0.462122 0.241177 0.851402 
0.4 0.322402 0.26829 0.861263 
0.32 0.286319 0.310271 0.881848 
0.36 0.396209 0.312889 0.835783 
0.4 0.407272 0.285992 0.881848 
0.34 0.315931 0.279513 0.900236 
0.42 0.403694 0.274013 0.936526 
0.46 0.507677 0.248375 0.835783 
0.36 0.32561 0.285141 0.872252 
0.4 0.469261 0.287076 0.881848 
0.42 0.485972 0.259621 0.861263 
0.44 0.427251 0.252923 0.861263 
0.38 0.355459 0.2961 0.93846 
0.38 0.372827 0.266745 0.858846 
0.48 0.432987 0.26335 0.858793 
0.4 0.420646 0.261917 0.824513 
0.34 0.326388 0.293576 0.881848 
0.48 0.523884 0.234579 0.861263 
0.36 0.416253 0.31018 0.835783 
0.44 0.505696 0.278551 0.881848 
0.4 0.409582 0.252654 0.872252 
0.4 0.450462 0.25985 0.881848 
0.4 0.447661 0.286127 0.93846 
0.38 0.337683 0.277458 0.881848 
0.36 0.393015 0.299308 0.900236 
0.44 0.466303 0.236043 0.900236 
0.4 0.406684 0.286712 0.872252 
0.4 0.375753 0.272981 0.900236 
0.4 0.394459 0.281458 0.881848 
0.42 0.416142 0.266832 0.861263 
0.44 0.432385 0.252387 0.858793 
0.42 0.399412 0.274031 0.881848 
0.4 0.353367 0.266479 0.861263 
0.42 0.452707 0.279914 0.93846 
0.4 0.388483 0.274926 0.896136 
0.4 0.442041 0.280531 0.896136 
0.46 0.415008 0.251027 0.858793 
0.42 0.450351 0.291363 0.881848 
0.42 0.450476 0.276664 0.872252 
0.4 0.374434 0.27057 0.881848 
0.46 0.507918 0.228191 0.861263 
0.4 0.346988 0.284692 0.881848 
0.44 0.412304 0.286389 0.872252 
0.38 0.314093 0.285227 0.824513 
0.42 0.467478 0.291662 0.881848 
0.38 0.377692 0.295637 0.824513 
0.44 0.450198 0.248954 0.896136 
0.32 0.39251 0.329791 0.900236 
0.4 0.432658 0.266261 0.851172 
0.36 0.391223 0.291453 0.820023 
0.36 0.325462 0.282823 0.896136 
0.42 0.440023 0.262368 0.858846 
0.34 0.375355 0.299318 0.900236 
0.42 0.470867 0.279411 0.881848 
0.36 0.385645 0.300214 0.881848 
0.36 0.354982 0.289519 0.858793 
0.4 0.43807 0.298213 0.858846 
0.46 0.461187 0.259797 0.861263 
0.34 0.346066 0.30796 0.881848 
0.42 0.391654 0.266209 0.872252 
0.42 0.509048 0.266373 0.904839 
0.38 0.446282 0.27559 0.904839 
0.28 0.208101 0.303939 0.862805 
0.36 0.373026 0.297351 0.904839 
0.4 0.419262 0.275085 0.858793 
0.4 0.412387 0.279609 0.896136 
0.46 0.465974 0.256892 0.881848 
0.4 0.383224 0.269199 0.900236 
0.38 0.417591 0.302717 0.881848 
0.4 0.42708 0.289158 0.851402 
0.34 0.263372 0.297625 0.831648 
0.38 0.376359 0.311712 0.900236 
0.38 0.413054 0.278397 0.851402 
0.48 0.520426 0.263421 0.77196 
0.4 0.400713 0.283045 0.93846 
0.3 0.342729 0.315372 0.93846 
0.32 0.281486 0.324383 0.900236 
0.4 0.388395 0.257885 0.861263 
0.36 0.389779 0.289394 0.904839 
0.48 0.469112 0.231696 0.858793 
0.38 0.370888 0.286449 0.858846 
0.4 0.379368 0.27721 0.835783 
0.42 0.456248 0.274594 0.904839 
0.44 0.403407 0.248213 0.861263 
0.44 0.457924 0.248857 0.82225 
0.38 0.393672 0.272458 0.844273 
0.36 0.380794 0.295208 0.816218 
0.36 0.412989 0.297171 0.872252 
0.36 0.35089 0.29921 0.936526 
0.44 0.470395 0.284219 0.861263 
0.36 0.255406 0.274199 0.824513 
0.4 0.426164 0.287824 0.881848 
0.4 0.432154 0.279697 0.900236 
0.42 0.487513 0.254947 0.896643 
0.38 0.482527 0.302898 0.881848 
0.38 0.366212 0.284931 0.82225 
0.42 0.474658 0.299765 0.900236 
0.4 0.460312 0.289478 0.896136 
0.42 0.446601 0.254283 0.872252 
0.38 0.322078 0.296095 0.881848 
0.34 0.348649 0.322403 0.936526 
0.34 0.390529 0.31215 0.900236 
0.38 0.42184 0.306893 0.904839 
0.42 0.467886 0.269575 0.896136 
0.38 0.471126 0.287677 0.851402 
0.32 0.282421 0.316208 0.851402 
0.4 0.389136 0.26956 0.881848 
0.38 0.389941 0.290041 0.900236 
0.38 0.467562 0.261611 0.772408 
0.44 0.513084 0.271365 0.858846 
0.42 0.431913 0.256349 0.824513 
0.44 0.481662 0.248237 0.858793 
0.32 0.346224 0.326095 0.881848 
0.44 0.468395 0.254439 0.854734 
0.38 0.37329 0.270225 0.851172 
0.46 0.560546 0.267841 0.904839 
0.4 0.398977 0.270917 0.896136 
0.42 0.439699 0.270118 0.861263 
0.4 0.35351 0.284553 0.896643 
0.38 0.349071 0.284765 0.936526 
0.42 0.396399 0.299699 0.896643 
0.34 0.403569 0.302785 0.900236 
0.38 0.442787 0.318126 0.896643 
0.42 0.476528 0.287938 0.881848 
0.34 0.325763 0.316136 0.825284 
0.38 0.423599 0.269929 0.772408 
0.3 0.325055 0.33871 0.881848 
0.42 0.463729 0.278223 0.881848 
0.38 0.452559 0.293201 0.936526 
0.42 0.482453 0.267963 0.862805 
0.44 0.448203 0.262837 0.824513 
0.42 0.421474 0.269468 0.93846 
0.4 0.450777 0.285047 0.872252 
0.36 0.391496 0.29093 0.896136 
0.42 0.464317 0.266987 0.93846 
0.4 0.386233 0.274797 0.858846 
0.38 0.433306 0.293605 0.896136 
0.38 0.430325 0.30808 0.93846 
0.38 0.438667 0.296175 0.881848 
0.44 0.40456 0.257529 0.861263 
0.38 0.309395 0.26398 0.900236 
0.32 0.328781 0.323077 0.881848 
0.38 0.393746 0.265902 0.93846 
0.34 0.311283 0.30505 0.936526 
0.36 0.410017 0.312648 0.881848 
0.42 0.426525 0.28526 0.858846 
0.4 0.452262 0.263906 0.77196 
0.42 0.47014 0.268441 0.881848 
0.38 0.347071 0.274279 0.881848 
0.44 0.433487 0.261722 0.858793 
0.34 0.36873 0.299407 0.851402 

