0.4 0.41367 0.303308 0.861263 
0.4 0.408985 0.270028 0.896136 
0.36 0.369966 0.292533 0.872252 
0.42 0.452036 0.241268 0.881848 
0.38 0.383715 0.262079 0.93846 
0.36 0.266377 0.298148 0.896643 
0.4 0.448402 0.280983 0.900236 
0.44 0.492716 0.241849 0.881848 
0.36 0.342923 0.279542 0.851402 
0.32 0.379262 0.31956 0.896136 
0.38 0.418632 0.288653 0.858846 
0.32 0.277236 0.299926 0.858846 
0.4 0.439282 0.290214 0.896136 
0.38 0.445009 0.292235 0.896136 
0.38 0.385428 0.282723 0.900236 
0.44 0.453063 0.262852 0.835783 
0.4 0.410466 0.241293 0.861263 
0.38 0.34752 0.250026 0.896136 
0.44 0.422608 0.245969 0.896136 
0.36 0.38777 0.300859 0.876444 
0.44 0.492091 0.263519 0.851172 
0.38 0.329221 0.265291 0.861263 
0.42 0.436477 0.256136 0.82225 
0.36 0.348844 0.292986 0.904839 
0.42 0.492753 0.282607 0.904839 
0.38 0.37011 0.275863 0.896643 
0.34 0.341826 0.290631 0.862805 
0.44 0.451077 0.242622 0.900236 
0.4 0.396524 0.261265 0.900236 
0.34 0.39676 0.319798 0.881848 
0.36 0.423007 0.296016 0.896136 
0.46 0.487055 0.250327 0.82225 
0.46 0.399852 0.255072 0.858793 
0.42 0.475093 0.272881 0.858846 
0.46 0.500771 0.237329 0.861263 
0.4 0.417253 0.290086 0.881848 
0.46 0.421243 0.236145 0.900236 
0.42 0.48187 0.273489 0.861263 
0.42 0.464983 0.289435 0.858846 
0.46 0.468964 0.237794 0.851402 
0.36 0.370883 0.293025 0.900236 
0.42 0.50159 0.282224 0.896136 
0.4 0.466372 0.303506 0.835783 
0.36 0.381465 0.287718 0.824513 
0.34 0.287633 0.303463 0.858846 
0.4 0.393704 0.285255 0.861263 
0.38 0.409721 0.293718 0.872252 
0.38 0.407976 0.289537 0.820023 
0.38 0.339725 0.266208 0.835783 
0.38 0.328712 0.290413 0.858846 
0.38 0.375822 0.30427 0.858793 
0.4 0.291638 0.257954 0.824513 
0.46 0.496197 0.260303 0.851402 
0.34 0.341585 0.30913 0.900236 
0.4 0.418609 0.298181 0.876444 
0.46 0.459174 0.251418 0.861263 
0.36 0.31307 0.288457 0.900236 
0.38 0.360667 0.269392 0.851172 
0.4 0.379859 0.277218 0.896643 
0.36 0.329878 0.312341 0.858793 
0.36 0.398968 0.280847 0.824513 
0.38 0.333364 0.269563 0.904839 
0.36 0.36568 0.279564 0.881848 
0.34 0.405259 0.308187 0.881848 
0.42 0.431816 0.267375 0.809422 
0.42 0.445583 0.234207 0.896136 
0.38 0.36717 0.264363 0.851402 
0.42 0.46902 0.250184 0.900236 
0.36 0.344659 0.27797 0.900236 
0.38 0.394353 0.291986 0.858846 
0.38 0.356301 0.29731 0.896643 
0.4 0.425441 0.272452 0.862805 
0.4 0.370564 0.26163 0.757185 
0.44 0.46546 0.266603 0.896136 
0.32 0.317917 0.321249 0.936526 
0.42 0.462169 0.272344 0.904839 
0.42 0.495012 0.266707 0.904839 
0.44 0.494739 0.272385 0.896136 
0.44 0.516362 0.281292 0.824513 
0.36 0.318644 0.258645 0.876444 
0.34 0.336197 0.274529 0.820023 
0.42 0.399093 0.270584 0.82225 
0.32 0.27027 0.307066 0.861263 
0.38 0.361097 0.264696 0.861263 
0.36 0.398574 0.300703 0.872252 
0.38 0.370406 0.284609 0.881848 
0.36 0.361602 0.301927 0.900236 
0.4 0.452457 0.250844 0.861263 
0.34 0.308562 0.313608 0.900236 
0.4 0.411772 0.28085 0.896643 
0.38 0.317005 0.281566 0.900236 
0.38 0.375021 0.270362 0.900236 
0.4 0.338502 0.272766 0.861263 
0.42 0.403833 0.277376 0.896136 
0.36 0.328087 0.293099 0.770673 
0.4 0.448818 0.283454 0.872252 
0.36 0.40774 0.285698 0.904839 
0.38 0.375415 0.269282 0.896643 
0.32 0.34665 0.319925 0.93846 
0.42 0.440403 0.253782 0.835783 
0.44 0.500701 0.247064 0.872252 
0.36 0.348997 0.32216 0.876444 
0.4 0.341007 0.276452 0.896643 
0.42 0.436426 0.275498 0.881848 
0.34 0.41086 0.285784 0.900236 
0.34 0.306117 0.309098 0.843973 
0.36 0.33554 0.309448 0.900236 
0.36 0.29884 0.273168 0.854734 
0.36 0.340382 0.293321 0.851402 
0.42 0.437139 0.268666 0.896136 
0.42 0.402889 0.259581 0.896136 
0.42 0.433399 0.287799 0.881848 
0.38 0.419141 0.258666 0.825284 
0.46 0.525472 0.237166 0.858846 
0.38 0.400468 0.302489 0.844273 
0.32 0.325027 0.302664 0.904839 
0.4 0.420442 0.27365 0.93846 
0.46 0.556389 0.256321 0.881848 
0.42 0.442148 0.251873 0.82225 
0.46 0.515792 0.24768 0.861263 
0.34 0.296336 0.309627 0.93846 
0.34 0.356945 0.295322 0.854734 
0.4 0.429126 0.300475 0.881848 
0.34 0.305085 0.306974 0.896643 
0.38 0.367643 0.279351 0.858846 
0.36 0.375711 0.307009 0.881848 
0.4 0.409101 0.25987 0.872252 
0.4 0.384247 0.258071 0.861263 
0.38 0.443921 0.282783 0.900236 
0.38 0.339419 0.260974 0.862805 
0.44 0.434204 0.26976 0.824513 
0.5 0.524685 0.238046 0.824513 
0.42 0.417743 0.277072 0.896136 
0.32 0.278102 0.328064 0.904839 
0.38 0.374387 0.263041 0.816218 
0.38 0.355098 0.268981 0.900236 
0.4 0.391307 0.281373 0.881848 
0.4 0.416068 0.26705 0.872252 
0.4 0.394172 0.258873 0.896643 
0.38 0.393042 0.278425 0.900236 
0.4 0.432755 0.280975 0.861263 
0.4 0.36393 0.297864 0.896643 
0.4 0.437431 0.26 0.872252 
0.34 0.314214 0.298603 0.831648 
0.34 0.335498 0.298428 0.820023 
0.48 0.49173 0.258508 0.881848 
0.46 0.452221 0.230756 0.861263 
0.4 0.504682 0.263525 0.861263 
0.34 0.363342 0.320079 0.844273 
0.4 0.403819 0.287488 0.881848 
0.4 0.375262 0.267542 0.900236 
0.44 0.456452 0.262188 0.896136 
0.38 0.385895 0.297192 0.872252 
0.34 0.314394 0.270777 0.900236 
0.34 0.322676 0.28447 0.862805 
0.42 0.3766 0.243692 0.861263 
0.36 0.350103 0.297916 0.900236 
0.48 0.490758 0.243983 0.861263 
0.34 0.36506 0.292626 0.904839 
0.46 0.44094 0.259713 0.881848 
0.38 0.406786 0.28258 0.896643 
0.34 0.381664 0.305363 0.936526 
0.4 0.443648 0.277491 0.881848 
0.34 0.332202 0.300354 0.936526 
0.4 0.406879 0.270253 0.881848 
0.42 0.444143 0.279121 0.881848 
0.46 0.539535 0.254398 0.68575 
0.38 0.351362 0.300773 0.881848 
0.32 0.304358 0.319767 0.93846 
0.44 0.493401 0.243598 0.896136 
0.44 0.461326 0.278932 0.876444 
0.44 0.439667 0.254899 0.858846 
0.46 0.427418 0.2512 0.858793 
0.42 0.36711 0.270328 0.772408 
0.34 0.373244 0.270325 0.862805 
0.34 0.311783 0.287146 0.936526 
0.44 0.426881 0.243833 0.861263 
0.38 0.366717 0.278857 0.872252 
0.34 0.339595 0.31578 0.904839 
0.44 0.398019 0.260911 0.896136 
0.38 0.338609 0.266483 0.851172 
0.38 0.405606 0.306043 0.881848 
0.44 0.43338 0.259554 0.900236 
0.42 0.435713 0.264595 0.881848 
0.38 0.405754 0.282382 0.881848 
0.4 0.372471 0.285093 0.900236 
0.38 0.419859 0.274068 0.861263 
0.4 0.396051 0.266486 0.904839 
0.38 0.429927 0.299612 0.93846 
0.4 0.437537 0.25339 0.872252 
0.44 0.453387 0.254099 0.900236 
0.42 0.517394 0.284888 0.881848 
0.38 0.420137 0.289393 0.881848 
0.32 0.349696 0.312364 0.824513 
0.42 0.420002 0.270853 0.881848 
0.44 0.460641 0.248979 0.825284 
0.44 0.500988 0.248092 0.896136 
0.34 0.360468 0.318811 0.881848 
0.38 0.430172 0.276827 0.900236 
0.34 0.395227 0.294416 0.861263 
0.42 0.372091 0.275451 0.900236 
0.42 0.3804 0.266439 0.820023 
0.32 0.319491 0.317784 0.93846 
0.46 0.445777 0.238718 0.858793 
0.36 0.33497 0.288248 0.900236 
0.34 0.270797 0.319377 0.896643 
0.36 0.387182 0.270013 0.861263 
0.42 0.416618 0.278952 0.858793 
0.4 0.403861 0.272619 0.900236 
0.46 0.466182 0.260758 0.881848 
0.44 0.400731 0.241872 0.824513 
0.34 0.389075 0.307274 0.881848 
0.3 0.230108 0.315004 0.824513 
0.42 0.459368 0.286409 0.861263 
0.34 0.304085 0.289573 0.861263 
0.38 0.271802 0.26413 0.835783 
0.38 0.379262 0.286521 0.872252 
0.44 0.457586 0.235409 0.861263 
0.44 0.401435 0.2733 0.900236 
0.36 0.354764 0.28865 0.881848 
0.34 0.310376 0.287594 0.861263 
0.38 0.429173 0.27942 0.851402 
0.38 0.415878 0.298252 0.900236 
0.4 0.421822 0.277868 0.896136 
0.36 0.436232 0.298244 0.881848 
0.36 0.425497 0.298399 0.816218 
0.4 0.461687 0.259791 0.896136 
0.44 0.434056 0.254334 0.896136 
0.44 0.468432 0.248594 0.816218 
0.32 0.246661 0.299119 0.900236 
0.42 0.428918 0.27215 0.881848 
0.44 0.495989 0.260558 0.876444 
0.42 0.420817 0.291158 0.896643 
0.38 0.329828 0.276724 0.824513 
0.38 0.399204 0.275007 0.881848 
0.44 0.467677 0.249001 0.858846 
0.4 0.448874 0.268139 0.851402 
0.36 0.342326 0.291664 0.936526 
0.46 0.429922 0.258492 0.861263 
0.42 0.421817 0.267951 0.861263 
0.36 0.334424 0.294856 0.858846 
0.36 0.421261 0.311211 0.881848 
0.5 0.484157 0.238571 0.881848 
0.44 0.42646 0.272226 0.900236 
0.36 0.351371 0.288014 0.93846 
0.34 0.340312 0.316148 0.861263 
0.44 0.448231 0.251448 0.858846 
0.4 0.412397 0.269876 0.807312 
0.42 0.395695 0.275516 0.844273 
0.38 0.365532 0.286992 0.896136 
0.38 0.428117 0.280138 0.858793 
0.38 0.351478 0.265787 0.770481 
0.38 0.352982 0.292935 0.900236 
0.44 0.39232 0.252612 0.824513 
0.4 0.461812 0.301847 0.896643 
0.38 0.342659 0.306748 0.896136 
0.32 0.294697 0.313705 0.900236 
0.4 0.449457 0.257951 0.872252 
0.4 0.408397 0.259169 0.861263 
0.4 0.414526 0.256536 0.872252 
0.44 0.478421 0.28583 0.881848 
0.36 0.37479 0.29878 0.93846 
0.38 0.398871 0.278997 0.881848 
0.36 0.381951 0.305857 0.904839 
0.42 0.389455 0.276269 0.851402 
0.42 0.455711 0.251462 0.872252 
0.42 0.482634 0.272963 0.862805 
0.4 0.401356 0.286135 0.936526 
0.44 0.480648 0.237704 0.824513 
0.36 0.341076 0.302541 0.881848 
0.36 0.304974 0.277602 0.900236 
0.44 0.470469 0.280574 0.881848 
0.4 0.374512 0.290074 0.896136 
0.38 0.390524 0.27903 0.93846 
0.44 0.475042 0.27604 0.872252 
0.42 0.445995 0.279244 0.881848 
0.38 0.501928 0.287116 0.881848 
0.38 0.387761 0.279748 0.770673 
0.38 0.401754 0.293189 0.772408 
0.4 0.363939 0.275832 0.861263 
0.38 0.342021 0.299623 0.872252 
0.42 0.45885 0.280107 0.881848 
0.38 0.380257 0.284258 0.881848 
0.48 0.498595 0.235943 0.861263 
0.4 0.387617 0.260541 0.851402 
0.38 0.458549 0.309157 0.881848 
0.42 0.448059 0.262438 0.881848 
0.36 0.379299 0.30027 0.896643 

