0.46 0.506386 0.242664 0.858793 
0.32 0.272103 0.290148 0.824513 
0.38 0.42272 0.313896 0.900236 
0.52 0.573994 0.24483 0.881848 
0.36 0.338442 0.285448 0.900236 
0.4 0.389177 0.279731 0.858846 
0.38 0.388992 0.270832 0.872252 
0.38 0.361597 0.293463 0.851402 
0.46 0.435889 0.243275 0.807312 
0.38 0.381775 0.289103 0.872252 
0.42 0.402787 0.260172 0.872252 
0.36 0.369369 0.303742 0.851402 
0.42 0.456068 0.286004 0.896136 
0.4 0.406754 0.287359 0.861263 
0.44 0.452318 0.273576 0.881848 
0.36 0.394959 0.287238 0.881848 
0.46 0.482486 0.258249 0.851402 
0.38 0.410323 0.278936 0.93846 
0.38 0.362416 0.265961 0.851172 
0.38 0.338799 0.300943 0.900236 
0.46 0.519347 0.26204 0.896136 
0.38 0.385604 0.281982 0.93846 
0.46 0.431182 0.26554 0.881848 
0.34 0.31276 0.310533 0.861263 
0.42 0.449554 0.261895 0.900236 
0.34 0.310228 0.319895 0.881848 
0.46 0.470797 0.244382 0.900236 
0.4 0.397181 0.292164 0.858846 
0.42 0.421613 0.264266 0.93846 
0.38 0.350163 0.292443 0.861263 
0.32 0.340141 0.328569 0.900236 
0.4 0.440616 0.272875 0.881848 
0.34 0.370934 0.289587 0.881848 
0.46 0.455734 0.245665 0.861263 
0.4 0.413758 0.270912 0.851172 
0.4 0.369471 0.285919 0.896643 
0.38 0.445004 0.282984 0.896136 
0.48 0.532924 0.277161 0.881848 
0.34 0.420808 0.310007 0.881848 
0.46 0.474889 0.261861 0.881848 
0.4 0.44094 0.288731 0.900236 
0.36 0.412966 0.303384 0.896643 
0.44 0.471709 0.244026 0.816218 
0.4 0.410101 0.281374 0.896643 
0.44 0.438963 0.251282 0.93846 
0.44 0.452119 0.259386 0.772408 
0.4 0.422312 0.28804 0.861263 
0.4 0.42246 0.282877 0.896136 
0.4 0.430853 0.270231 0.896136 
0.4 0.418035 0.268872 0.900236 
0.44 0.465627 0.279567 0.896136 
0.34 0.340729 0.306622 0.861263 
0.38 0.3552 0.266312 0.881848 
0.38 0.440954 0.294769 0.881848 
0.36 0.29154 0.284383 0.858846 
0.4 0.468112 0.288292 0.835783 
0.42 0.474223 0.271917 0.861263 
0.32 0.341211 0.300986 0.900236 
0.44 0.481236 0.273417 0.93846 
0.34 0.372892 0.312307 0.861263 
0.36 0.358662 0.316109 0.858846 
0.4 0.400069 0.298217 0.861263 
0.44 0.459294 0.25156 0.835783 
0.38 0.430816 0.315453 0.900236 
0.44 0.37416 0.253341 0.861263 
0.38 0.405523 0.300064 0.896643 
0.34 0.299701 0.290455 0.93846 
0.32 0.342766 0.302239 0.900236 
0.4 0.426566 0.318503 0.900236 
0.38 0.419826 0.272856 0.851402 
0.4 0.376905 0.268568 0.900236 
0.44 0.501993 0.257749 0.881848 
0.36 0.420868 0.313776 0.851402 
0.4 0.390853 0.275997 0.851402 
0.44 0.511876 0.257907 0.858793 
0.4 0.441787 0.28355 0.851402 
0.44 0.468228 0.281478 0.881848 
0.4 0.418905 0.283889 0.862805 
0.38 0.371596 0.26386 0.851402 
0.46 0.455859 0.240462 0.862805 
0.34 0.36044 0.314781 0.896643 
0.36 0.378799 0.30758 0.93846 
0.44 0.432056 0.232451 0.900236 
0.4 0.369494 0.282781 0.844273 
0.46 0.483944 0.244373 0.835783 
0.44 0.491818 0.257108 0.881848 
0.32 0.241375 0.305767 0.900236 
0.38 0.420076 0.279431 0.851402 
0.44 0.449235 0.274984 0.861263 
0.4 0.387474 0.280269 0.900236 
0.46 0.37547 0.250585 0.936526 
0.4 0.401676 0.253429 0.900236 
0.4 0.375656 0.292844 0.881848 
0.42 0.47669 0.268466 0.861263 
0.38 0.303423 0.299984 0.896643 
0.34 0.339322 0.327989 0.896136 
0.46 0.496767 0.242715 0.861263 
0.28 0.27245 0.338966 0.900236 
0.36 0.387525 0.305202 0.896136 
0.4 0.438829 0.248272 0.709001 
0.38 0.40112 0.293342 0.835783 
0.44 0.46122 0.269783 0.835783 
0.4 0.430751 0.276876 0.896136 
0.42 0.444731 0.260343 0.881848 
0.36 0.336119 0.301537 0.858846 
0.46 0.507835 0.239822 0.861263 
0.44 0.409832 0.245415 0.824513 
0.38 0.363051 0.285807 0.881848 
0.46 0.504969 0.256502 0.824513 
0.38 0.33192 0.286301 0.900236 
0.42 0.431353 0.258328 0.896136 
0.44 0.48075 0.263088 0.881848 
0.34 0.298063 0.289542 0.900236 
0.4 0.390793 0.284224 0.858846 
0.32 0.307307 0.290914 0.896136 
0.42 0.418049 0.263122 0.881848 
0.4 0.325296 0.264709 0.900236 
0.4 0.331716 0.276356 0.858793 
0.4 0.470733 0.29332 0.896136 
0.48 0.452091 0.241249 0.858793 
0.4 0.378502 0.257343 0.861263 
0.32 0.256739 0.302368 0.831648 
0.36 0.350135 0.295921 0.881848 
0.36 0.379326 0.278345 0.904839 
0.34 0.309094 0.303109 0.896136 
0.4 0.386742 0.260597 0.900236 
0.38 0.33161 0.287133 0.881848 
0.4 0.416183 0.298514 0.876444 
0.42 0.398611 0.263371 0.872252 
0.38 0.389719 0.27282 0.872252 
0.46 0.521574 0.258239 0.835783 
0.42 0.420507 0.268489 0.900236 
0.4 0.423108 0.277521 0.900236 
0.38 0.376544 0.270027 0.825284 
0.44 0.465465 0.263701 0.861263 
0.34 0.360718 0.295799 0.851402 
0.46 0.479745 0.262303 0.881848 
0.32 0.262983 0.30367 0.904839 
0.42 0.370244 0.268229 0.872252 
0.4 0.414202 0.280048 0.900236 
0.36 0.314968 0.291556 0.862805 
0.36 0.38639 0.313175 0.896136 
0.34 0.357783 0.299452 0.825284 
0.38 0.403564 0.26585 0.858793 
0.4 0.395778 0.286615 0.858793 
0.4 0.433167 0.278835 0.881848 
0.38 0.375725 0.293169 0.872252 
0.44 0.491281 0.267506 0.896136 
0.36 0.404879 0.291349 0.896136 
0.36 0.378104 0.305346 0.900236 
0.42 0.461734 0.284879 0.881848 
0.4 0.402046 0.269178 0.93846 
0.36 0.43232 0.28949 0.851402 
0.42 0.442051 0.272324 0.881848 
0.46 0.454012 0.261065 0.752125 
0.38 0.352441 0.273468 0.93846 
0.32 0.318838 0.325664 0.900236 
0.44 0.461498 0.233169 0.881848 
0.4 0.438153 0.276395 0.881848 
0.38 0.402213 0.308136 0.881848 
0.4 0.375526 0.294629 0.876444 
0.38 0.401379 0.270545 0.872252 
0.38 0.434589 0.272493 0.824513 
0.38 0.361361 0.28981 0.858846 
0.42 0.365472 0.241556 0.803752 
0.34 0.372485 0.290971 0.896136 
0.36 0.339725 0.284866 0.896643 
0.44 0.495989 0.255885 0.881848 
0.4 0.423636 0.28891 0.876444 
0.36 0.367055 0.287355 0.896136 
0.34 0.360639 0.313528 0.93846 
0.32 0.363976 0.308929 0.900236 
0.4 0.406032 0.253195 0.872252 
0.36 0.359986 0.275098 0.820023 
0.4 0.375619 0.283064 0.872252 
0.34 0.330156 0.301356 0.858846 
0.42 0.470788 0.249567 0.861263 
0.44 0.474714 0.2776 0.824513 
0.4 0.434126 0.297025 0.896136 
0.36 0.348108 0.287813 0.861263 
0.34 0.336498 0.304941 0.896136 
0.3 0.258975 0.298446 0.900236 
0.4 0.391487 0.279679 0.936526 
0.44 0.474362 0.247369 0.896136 
0.36 0.351992 0.272882 0.824513 
0.36 0.377216 0.267577 0.82225 
0.38 0.439917 0.299989 0.896643 
0.44 0.446633 0.250696 0.861263 
0.38 0.421285 0.283706 0.93846 
0.36 0.348909 0.291904 0.831648 
0.4 0.427788 0.272555 0.851402 
0.4 0.405837 0.275105 0.896643 
0.38 0.479162 0.288346 0.872252 
0.36 0.33029 0.304562 0.900236 
0.4 0.41367 0.298744 0.881848 
0.4 0.404143 0.25905 0.861263 
0.42 0.475204 0.261799 0.851402 
0.44 0.48799 0.238157 0.896136 
0.4 0.412026 0.290889 0.896643 
0.46 0.495961 0.273219 0.881848 
0.36 0.371619 0.302909 0.861263 
0.34 0.346687 0.299466 0.93846 
0.44 0.431251 0.271486 0.824513 
0.46 0.488221 0.231087 0.896136 
0.38 0.32125 0.294045 0.900236 
0.42 0.437334 0.290266 0.896136 
0.28 0.292087 0.314137 0.851402 
0.4 0.369416 0.254601 0.817822 
0.38 0.344937 0.296873 0.872252 
0.38 0.356658 0.258605 0.851402 
0.4 0.38484 0.287352 0.858846 
0.42 0.537836 0.257525 0.77196 
0.42 0.463493 0.288617 0.876444 
0.44 0.44824 0.269178 0.93846 
0.44 0.471334 0.246419 0.835783 
0.36 0.371605 0.297808 0.900236 
0.38 0.307515 0.28337 0.93846 
0.4 0.374841 0.259589 0.936526 
0.34 0.356982 0.294676 0.900236 
0.42 0.466603 0.296338 0.904839 
0.36 0.361866 0.275312 0.824513 
0.42 0.381451 0.261319 0.896136 
0.36 0.323939 0.294675 0.858793 
0.4 0.467659 0.291516 0.881848 
0.4 0.329749 0.278033 0.936526 
0.4 0.368568 0.26434 0.851402 
0.38 0.432529 0.269403 0.881848 
0.4 0.405138 0.296354 0.904839 
0.32 0.28187 0.292687 0.896643 
0.36 0.315283 0.299224 0.936526 
0.36 0.345279 0.307147 0.876444 
0.38 0.452952 0.296937 0.881848 
0.38 0.424381 0.293008 0.820023 
0.38 0.36649 0.294386 0.858793 
0.42 0.408601 0.269323 0.900236 
0.42 0.413623 0.288602 0.851402 
0.36 0.340539 0.280667 0.862805 
0.38 0.313413 0.276095 0.900236 
0.32 0.309737 0.301477 0.824513 
0.38 0.308386 0.259846 0.872252 
0.36 0.383733 0.292136 0.896136 
0.38 0.367032 0.296188 0.835783 
0.28 0.302465 0.32034 0.904839 
0.34 0.310617 0.304761 0.881848 
0.42 0.430821 0.265172 0.904839 
0.42 0.400801 0.247122 0.861263 
0.44 0.488666 0.287124 0.881848 
0.42 0.457044 0.278349 0.900236 
0.4 0.337354 0.275525 0.896643 
0.36 0.260433 0.270504 0.881848 
0.4 0.426576 0.268152 0.872252 
0.32 0.321889 0.300436 0.904839 
0.38 0.37311 0.295523 0.93846 
0.38 0.32848 0.253398 0.872252 
0.36 0.373161 0.279076 0.872252 
0.34 0.32811 0.304084 0.858793 
0.4 0.428474 0.277285 0.904839 
0.34 0.348566 0.305444 0.825284 
0.42 0.328448 0.271458 0.900236 
0.42 0.430311 0.268 0.861263 
0.42 0.434811 0.283674 0.896643 
0.46 0.494915 0.253415 0.93846 
0.36 0.37404 0.279213 0.862805 
0.38 0.347122 0.292554 0.900236 
0.44 0.479875 0.236894 0.881848 
0.42 0.443944 0.279735 0.881848 
0.4 0.397843 0.279172 0.872252 
0.36 0.311459 0.283287 0.93846 
0.38 0.310705 0.27987 0.900236 
0.34 0.323731 0.278337 0.896136 
0.42 0.394552 0.283662 0.824513 
0.46 0.433417 0.266757 0.825284 
0.4 0.4357 0.293997 0.93846 
0.32 0.326337 0.315567 0.896136 
0.36 0.307367 0.28174 0.872252 
0.38 0.357273 0.300428 0.881848 
0.4 0.383919 0.301088 0.876444 
0.44 0.455336 0.258528 0.900236 
0.46 0.506798 0.229167 0.93846 
0.42 0.433167 0.265003 0.862805 
0.42 0.417007 0.253604 0.881848 
0.4 0.469881 0.283462 0.881848 
0.46 0.521055 0.264792 0.835783 
0.34 0.307122 0.299632 0.896136 
0.4 0.389085 0.271337 0.861263 
0.34 0.345025 0.310593 0.904839 
0.44 0.469529 0.255178 0.861263 
0.44 0.466191 0.237827 0.896136 

