0.3 0.304928 0.276422 0.66875 
0.48 0.494109 0.196141 0.66875 
0.42 0.402319 0.207182 0.66875 
0.44 0.493674 0.209121 0.68575 
0.52 0.486522 0.184083 0.66875 
0.48 0.512654 0.198902 0.68575 
0.48 0.450689 0.194282 0.66875 
0.52 0.486522 0.187024 0.66875 
0.52 0.491489 0.188901 0.66875 
0.5 0.532267 0.194279 0.66875 
0.54 0.495781 0.178438 0.858793 
0.36 0.307289 0.254132 0.66875 
0.42 0.342044 0.220154 0.66875 
0.36 0.25379 0.251102 0.770481 
0.4 0.346557 0.245309 0.68575 
0.44 0.385011 0.195887 0.861263 
0.4 0.294447 0.217417 0.824513 
0.48 0.472394 0.203161 0.700191 
0.48 0.419623 0.191874 0.66875 
0.5 0.457984 0.192338 0.66875 
0.5 0.426029 0.186546 0.861263 
0.36 0.313607 0.249582 0.66875 
0.26 0.200458 0.306911 0.817822 
0.32 0.182706 0.269926 0.772408 
0.3 0.208832 0.267507 0.772408 
0.36 0.343076 0.235416 0.68575 
0.36 0.253799 0.25356 0.772408 
0.42 0.304557 0.217777 0.752125 
0.4 0.261581 0.225817 0.752125 
0.46 0.348608 0.196409 0.861263 
0.24 0.162467 0.33784 0.824513 
0.22 0.143266 0.321652 0.824513 
0.28 0.228062 0.27711 0.743553 
0.42 0.325722 0.22293 0.66875 
0.34 0.259678 0.247991 0.743553 
0.36 0.2123 0.243886 0.824513 
0.38 0.214739 0.23856 0.824513 
0.42 0.242518 0.223951 0.851172 
0.22 0.161671 0.345094 0.824513 
0.22 0.155278 0.316814 0.772408 
0.26 0.148784 0.301582 0.824513 
0.34 0.203944 0.268314 0.824513 
0.32 0.190209 0.265331 0.772408 
0.36 0.189487 0.251623 0.831648 
0.36 0.208129 0.250289 0.861263 
0.24 0.146525 0.323892 0.825284 
0.26 0.166259 0.324962 0.851172 
0.28 0.157908 0.292174 0.824513 
0.26 0.14128 0.302499 0.824513 
0.3 0.185233 0.268848 0.772408 
0.26 0.141877 0.292168 0.93846 
0.26 0.149052 0.31951 0.824513 
0.22 0.137947 0.323789 0.824513 
0.34 0.187682 0.270138 0.772408 
0.3 0.15619 0.287636 0.861263 
0.3 0.184678 0.282078 0.93846 
0.16 0.123148 0.374528 0.904839 
0.28 0.150381 0.31203 0.824513 
0.26 0.140183 0.307984 0.824513 
0.2 0.117769 0.342423 0.93846 
0.26 0.143817 0.312498 0.824513 
0.16 0.116695 0.364328 0.825284 
0.28 0.136193 0.312272 0.93846 
0.24 0.124087 0.340452 0.93846 
0.18 0.113978 0.361345 0.93846 
0.2 0.118954 0.355203 0.93846 
0.22 0.166633 0.311274 0.772408 
0.3 0.254734 0.262868 0.817822 
0.44 0.368092 0.20815 0.66875 
0.4 0.371563 0.218086 0.68575 
0.44 0.441828 0.210541 0.66875 
0.44 0.477806 0.208384 0.68575 
0.44 0.426645 0.194705 0.66875 
0.42 0.402319 0.207182 0.66875 
0.46 0.470256 0.202765 0.700191 
0.52 0.489374 0.181075 0.858793 
0.32 0.329619 0.265593 0.68125 
0.28 0.228062 0.27711 0.743553 
0.32 0.308719 0.260522 0.66875 
0.4 0.364898 0.240221 0.681392 
0.4 0.350492 0.226564 0.68575 
0.38 0.353015 0.221715 0.66875 
0.44 0.363125 0.203332 0.66875 
0.4 0.306941 0.210646 0.824513 
0.46 0.390242 0.189592 0.861263 
0.32 0.297364 0.272713 0.66875 
0.16 0.11644 0.357999 0.825284 
0.26 0.191756 0.295382 0.824513 
0.28 0.168568 0.280847 0.824513 
0.28 0.206407 0.269749 0.772408 
0.32 0.179845 0.263449 0.824513 
0.34 0.2229 0.248642 0.772408 
0.34 0.2229 0.248642 0.772408 
0.2 0.141937 0.342118 0.825284 
0.22 0.166633 0.311274 0.772408 
0.28 0.157908 0.297101 0.824513 
0.32 0.184594 0.271236 0.824513 
0.26 0.180359 0.281753 0.772408 
0.28 0.169355 0.275384 0.824513 
0.32 0.173137 0.268751 0.861263 
0.26 0.170175 0.306353 0.772408 
0.28 0.185863 0.30224 0.752125 
0.18 0.120486 0.348428 0.825284 
0.24 0.170425 0.295373 0.772408 
0.24 0.148029 0.294685 0.825284 
0.3 0.175762 0.270846 0.851172 
0.16 0.116695 0.364328 0.825284 
0.22 0.146914 0.330541 0.824513 
0.28 0.17061 0.301856 0.772408 
0.26 0.16899 0.291977 0.772408 
0.22 0.138641 0.308011 0.93846 
0.22 0.144451 0.334034 0.824513 
0.24 0.148242 0.323061 0.824513 
0.16 0.11644 0.355029 0.825284 
0.22 0.133656 0.31784 0.861263 
0.16 0.123842 0.355257 0.93846 
0.24 0.124087 0.340452 0.93846 
0.16 0.11644 0.360559 0.93846 
0.14 0.106775 0.378966 0.904839 
0.16 0.113181 0.362952 0.93846 
0.18 0.118158 0.359434 0.93846 
0.28 0.207022 0.295587 0.772408 
0.26 0.240338 0.306661 0.820023 
0.34 0.328453 0.263145 0.68125 
0.42 0.342044 0.220154 0.66875 
0.36 0.328318 0.227292 0.66875 
0.42 0.399782 0.201922 0.66875 
0.4 0.360676 0.21406 0.66875 
0.46 0.471353 0.199749 0.700191 
0.46 0.427988 0.190789 0.861263 
0.18 0.153677 0.347503 0.851402 
0.26 0.22427 0.29301 0.743553 
0.26 0.175401 0.296783 0.772408 
0.26 0.167772 0.288101 0.824513 
0.34 0.318398 0.236228 0.700191 
0.34 0.238213 0.244737 0.772408 
0.32 0.270487 0.247068 0.743553 
0.38 0.332892 0.21377 0.861263 
0.26 0.178035 0.314905 0.752125 
0.2 0.139475 0.337552 0.824513 
0.24 0.170165 0.313755 0.772408 
0.26 0.167772 0.288101 0.824513 
0.38 0.330758 0.224019 0.66875 
0.28 0.161884 0.284687 0.851172 
0.26 0.157949 0.282236 0.93846 
0.22 0.137836 0.333277 0.851402 
0.2 0.134156 0.339689 0.824513 
0.34 0.310061 0.264068 0.66875 
0.18 0.120231 0.342099 0.825284 
0.2 0.137299 0.315559 0.825284 
0.26 0.150469 0.285588 0.93846 
0.22 0.155278 0.316814 0.772408 
0.16 0.11644 0.355029 0.825284 
0.2 0.139475 0.337552 0.824513 
0.24 0.138535 0.331729 0.851402 
0.26 0.193191 0.295703 0.862805 
0.28 0.17061 0.301856 0.772408 
0.24 0.14302 0.319752 0.824513 
0.2 0.13286 0.337053 0.851402 
0.2 0.144705 0.32978 0.862805 
0.22 0.133656 0.326777 0.851402 
0.14 0.106775 0.378966 0.904839 
0.18 0.118158 0.359434 0.93846 
0.16 0.127629 0.357933 0.858846 
0.14 0.106775 0.378966 0.904839 
0.2 0.121949 0.349144 0.93846 
0.28 0.207022 0.295587 0.772408 
0.32 0.33111 0.273423 0.66875 
0.32 0.345867 0.277848 0.68125 
0.28 0.222599 0.282315 0.772408 
0.3 0.325879 0.267908 0.700191 
0.36 0.328318 0.227292 0.66875 
0.36 0.307622 0.225969 0.817822 
0.4 0.322801 0.210039 0.807312 
0.24 0.204657 0.327607 0.824513 
0.26 0.22427 0.29301 0.743553 
0.3 0.269844 0.286105 0.752125 
0.2 0.182715 0.315811 0.862805 
0.26 0.167772 0.288101 0.824513 
0.28 0.198778 0.267548 0.824513 
0.26 0.195001 0.274522 0.93846 
0.2 0.141937 0.342118 0.825284 
0.26 0.163967 0.321976 0.772408 
0.2 0.141937 0.34514 0.851172 
0.22 0.166633 0.311274 0.772408 
0.2 0.179512 0.32905 0.824513 
0.24 0.188214 0.298611 0.861263 
0.26 0.166819 0.314822 0.772408 
0.26 0.175401 0.296783 0.772408 
0.26 0.18253 0.307103 0.861263 
0.18 0.139729 0.333298 0.862805 
0.2 0.137299 0.31481 0.93846 
0.22 0.166633 0.311274 0.772408 
0.26 0.153542 0.320742 0.820023 
0.22 0.137739 0.338982 0.851402 
0.2 0.125851 0.350567 0.93846 
0.24 0.1444 0.330045 0.851402 
0.18 0.13142 0.346563 0.858846 
0.18 0.128818 0.356504 0.93846 
0.22 0.123291 0.35247 0.93846 
0.22 0.131869 0.333824 0.93846 
0.18 0.128818 0.351739 0.93846 
0.18 0.1585 0.354602 0.825284 
0.3 0.297192 0.298109 0.711389 
0.26 0.247096 0.294566 0.743553 
0.26 0.249707 0.298253 0.820023 
0.3 0.244884 0.275503 0.752125 
0.3 0.226548 0.264468 0.743553 
0.22 0.225641 0.29934 0.861263 
0.24 0.199403 0.308582 0.820023 
0.22 0.146914 0.332174 0.831648 
0.22 0.166633 0.311274 0.772408 
0.2 0.182715 0.315811 0.862805 
0.22 0.166633 0.311274 0.772408 
0.24 0.240468 0.289511 0.93846 
0.22 0.160486 0.345698 0.825284 
0.32 0.297364 0.272713 0.66875 
0.18 0.144696 0.327688 0.851402 
0.18 0.170615 0.339764 0.851402 
0.18 0.133508 0.330923 0.93846 
0.22 0.166633 0.311274 0.772408 
0.2 0.175591 0.336246 0.851402 
0.2 0.144705 0.333182 0.851402 
0.24 0.190959 0.309224 0.900236 
0.22 0.137836 0.330513 0.851402 
0.18 0.118158 0.359434 0.93846 
0.22 0.12655 0.335961 0.93846 
0.16 0.113181 0.362952 0.93846 
0.24 0.170624 0.327615 0.93846 
0.14 0.106775 0.378966 0.904839 
0.3 0.228839 0.295503 0.752125 
0.26 0.268048 0.286149 0.743553 
0.32 0.308719 0.267173 0.66875 
0.22 0.166633 0.311274 0.772408 
0.18 0.149603 0.344231 0.851402 
0.24 0.246689 0.291489 0.861263 
0.24 0.148168 0.318161 0.851172 
0.2 0.14352 0.325468 0.851402 
0.24 0.236727 0.317601 0.851402 
0.2 0.187367 0.323435 0.851402 
0.2 0.142595 0.335378 0.93846 
0.24 0.158991 0.325493 0.772408 
0.18 0.129068 0.344698 0.861263 
0.18 0.139729 0.336699 0.851402 
0.18 0.159426 0.336743 0.93846 
0.16 0.127629 0.354228 0.851402 
0.22 0.134688 0.347779 0.904839 
0.18 0.159426 0.336743 0.93846 
0.2 0.121949 0.348461 0.93846 
0.2 0.121949 0.348461 0.93846 
0.18 0.127633 0.343886 0.93846 
0.2 0.192334 0.319078 0.851402 
0.22 0.166633 0.311274 0.772408 
0.2 0.182715 0.315202 0.861263 
0.16 0.127629 0.355861 0.851402 
0.18 0.17148 0.347468 0.93846 
0.26 0.189978 0.326251 0.772408 
0.18 0.139729 0.333677 0.851402 
0.22 0.138646 0.35087 0.904839 
0.3 0.268182 0.286869 0.900236 
0.2 0.134045 0.346648 0.851402 
0.16 0.108117 0.375188 0.904839 
0.14 0.106775 0.381988 0.904839 
0.18 0.13142 0.348902 0.851402 
0.2 0.125851 0.350567 0.93846 
0.18 0.129068 0.345687 0.858846 
0.28 0.235218 0.29348 0.752125 
0.32 0.308719 0.267173 0.66875 
0.18 0.182669 0.347467 0.904839 
0.18 0.136373 0.347847 0.904839 
0.18 0.132605 0.353336 0.851402 
0.18 0.13142 0.348902 0.851402 
0.16 0.123842 0.354859 0.93846 
0.22 0.138836 0.33417 0.851402 
0.2 0.138211 0.348804 0.900236 
0.18 0.128818 0.354364 0.93846 
0.18 0.171314 0.351462 0.904839 
0.18 0.182669 0.347467 0.904839 
0.18 0.182669 0.343014 0.904839 
0.22 0.179373 0.338647 0.851402 
0.18 0.127633 0.343886 0.93846 
0.18 0.120231 0.345881 0.93846 
0.2 0.229922 0.333459 0.904839 
0.22 0.216341 0.340198 0.93846 
0.2 0.118315 0.348201 0.93846 
0.16 0.123842 0.35425 0.93846 
0.36 0.349723 0.271596 0.68125 
0.42 0.390311 0.206525 0.66875 

