0.32 0.313306 0.282862 0.68125 
0.44 0.422331 0.197619 0.66875 
0.46 0.411068 0.197169 0.66875 
0.48 0.53104 0.201484 0.68575 
0.5 0.508964 0.197368 0.68575 
0.52 0.509941 0.188036 0.66875 
0.52 0.532795 0.201031 0.757185 
0.5 0.550825 0.193021 0.700191 
0.54 0.496868 0.181299 0.858793 
0.54 0.51731 0.182503 0.861263 
0.5 0.508946 0.190592 0.858793 
0.32 0.303507 0.266709 0.66875 
0.4 0.325712 0.226279 0.66875 
0.42 0.351834 0.223789 0.68575 
0.4 0.350191 0.235227 0.68575 
0.44 0.363125 0.203332 0.66875 
0.44 0.363125 0.203332 0.66875 
0.44 0.363125 0.201511 0.700191 
0.44 0.374207 0.208182 0.66875 
0.48 0.42459 0.196693 0.66875 
0.52 0.462275 0.178933 0.858793 
0.24 0.15907 0.300914 0.772408 
0.34 0.194149 0.279529 0.772408 
0.3 0.163875 0.292077 0.824513 
0.32 0.208295 0.256477 0.772408 
0.4 0.356806 0.209962 0.66875 
0.36 0.2123 0.243886 0.824513 
0.36 0.238222 0.243169 0.772408 
0.4 0.307895 0.230187 0.757185 
0.48 0.364981 0.190794 0.858793 
0.26 0.22427 0.29301 0.743553 
0.22 0.146914 0.334178 0.824513 
0.38 0.31108 0.244432 0.66875 
0.28 0.170346 0.284189 0.772408 
0.32 0.23363 0.259995 0.743553 
0.3 0.180266 0.273431 0.772408 
0.38 0.214739 0.242196 0.824513 
0.4 0.226145 0.235763 0.861263 
0.22 0.136429 0.342929 0.851402 
0.34 0.198935 0.270539 0.752125 
0.42 0.358148 0.20891 0.66875 
0.32 0.17235 0.26848 0.824513 
0.3 0.167842 0.278553 0.824513 
0.34 0.22496 0.257753 0.772408 
0.32 0.182072 0.260137 0.824513 
0.2 0.129865 0.340772 0.851402 
0.34 0.198935 0.270539 0.752125 
0.26 0.160412 0.297809 0.772408 
0.28 0.147589 0.292732 0.824513 
0.3 0.171818 0.271309 0.824513 
0.32 0.16961 0.270841 0.861263 
0.2 0.13361 0.336213 0.824513 
0.24 0.160255 0.313297 0.772408 
0.28 0.157908 0.292174 0.824513 
0.28 0.146256 0.302003 0.851172 
0.26 0.13485 0.306656 0.851172 
0.32 0.182983 0.277982 0.772408 
0.22 0.133619 0.331765 0.824513 
0.22 0.133656 0.324872 0.851402 
0.22 0.127434 0.318884 0.93846 
0.18 0.112547 0.360474 0.93846 
0.24 0.136183 0.333892 0.851402 
0.2 0.121028 0.336003 0.93846 
0.2 0.128434 0.342526 0.851402 
0.18 0.113978 0.355698 0.93846 
0.24 0.125185 0.349563 0.904839 
0.22 0.155278 0.316814 0.772408 
0.38 0.367249 0.228963 0.66875 
0.38 0.386321 0.238496 0.68125 
0.44 0.447851 0.198873 0.66875 
0.44 0.401125 0.201758 0.66875 
0.48 0.493545 0.186913 0.66875 
0.48 0.462914 0.194889 0.66875 
0.44 0.442935 0.210473 0.68575 
0.48 0.461382 0.187245 0.66875 
0.52 0.532591 0.183273 0.858793 
0.22 0.175614 0.317788 0.772408 
0.24 0.15907 0.300914 0.772408 
0.36 0.319995 0.242164 0.66875 
0.28 0.190279 0.270995 0.772408 
0.4 0.359343 0.209941 0.700191 
0.34 0.23931 0.249547 0.772408 
0.42 0.399574 0.2086 0.700191 
0.42 0.327777 0.208395 0.709001 
0.44 0.347265 0.202455 0.861263 
0.22 0.133123 0.332525 0.820023 
0.2 0.143178 0.329711 0.820023 
0.22 0.127434 0.319632 0.825284 
0.4 0.356806 0.212015 0.66875 
0.3 0.156787 0.277641 0.824513 
0.3 0.192718 0.265669 0.772408 
0.32 0.20181 0.256911 0.861263 
0.36 0.219826 0.239371 0.861263 
0.28 0.164574 0.300646 0.820023 
0.32 0.195144 0.28257 0.752125 
0.26 0.198884 0.313033 0.743553 
0.3 0.161157 0.291619 0.824513 
0.28 0.168568 0.280847 0.824513 
0.28 0.174322 0.271474 0.824513 
0.3 0.168268 0.278873 0.861263 
0.22 0.166633 0.311274 0.772408 
0.26 0.166819 0.312829 0.772408 
0.3 0.153677 0.297052 0.824513 
0.24 0.15907 0.300914 0.772408 
0.34 0.253966 0.246616 0.824513 
0.32 0.177105 0.264719 0.824513 
0.22 0.155278 0.316814 0.772408 
0.18 0.140215 0.351813 0.904839 
0.2 0.122213 0.342805 0.824513 
0.24 0.165897 0.309872 0.824513 
0.24 0.149501 0.298773 0.861263 
0.18 0.121417 0.350059 0.824513 
0.24 0.138632 0.326282 0.851402 
0.2 0.122213 0.342805 0.824513 
0.22 0.133656 0.31784 0.861263 
0.18 0.139729 0.333298 0.862805 
0.18 0.128425 0.349997 0.851402 
0.28 0.146256 0.318813 0.896643 
0.2 0.134045 0.345191 0.858846 
0.18 0.117236 0.349601 0.93846 
0.22 0.148705 0.325914 0.900236 
0.36 0.309825 0.260079 0.66875 
0.26 0.19363 0.299074 0.820023 
0.26 0.207425 0.303366 0.820023 
0.42 0.358148 0.206857 0.66875 
0.4 0.395306 0.22163 0.68575 
0.4 0.380549 0.210565 0.66875 
0.42 0.399782 0.204863 0.66875 
0.44 0.447851 0.196448 0.66875 
0.44 0.426645 0.193894 0.861263 
0.28 0.207536 0.312605 0.743553 
0.26 0.213091 0.298345 0.743553 
0.32 0.227571 0.268543 0.752125 
0.36 0.30864 0.247705 0.66875 
0.36 0.328318 0.227292 0.66875 
0.3 0.260567 0.257825 0.743553 
0.34 0.298475 0.234126 0.770481 
0.36 0.27089 0.237468 0.817822 
0.2 0.13779 0.341466 0.824513 
0.26 0.201736 0.303158 0.743553 
0.26 0.22427 0.29301 0.743553 
0.24 0.170425 0.295373 0.772408 
0.24 0.154468 0.293773 0.824513 
0.26 0.161421 0.292505 0.820023 
0.26 0.195001 0.278292 0.825284 
0.18 0.132813 0.343467 0.824513 
0.2 0.13361 0.336213 0.824513 
0.22 0.166633 0.311274 0.772408 
0.26 0.195936 0.294191 0.824513 
0.28 0.17061 0.299553 0.772408 
0.22 0.138095 0.308305 0.825284 
0.2 0.131781 0.345287 0.820023 
0.22 0.166633 0.311274 0.772408 
0.28 0.150908 0.307855 0.851402 
0.18 0.121417 0.350059 0.824513 
0.28 0.203125 0.28156 0.862805 
0.2 0.134253 0.334242 0.824513 
0.28 0.160616 0.299188 0.824513 
0.2 0.134045 0.344508 0.851402 
0.18 0.129068 0.340993 0.861263 
0.16 0.123842 0.361606 0.904839 
0.2 0.133401 0.343457 0.851402 
0.18 0.117236 0.349998 0.93846 
0.2 0.118954 0.358756 0.904839 
0.2 0.144914 0.336629 0.900236 
0.2 0.144914 0.336629 0.900236 
0.18 0.170809 0.34868 0.851402 
0.34 0.332318 0.263037 0.66875 
0.24 0.164564 0.319945 0.820023 
0.22 0.166633 0.311274 0.772408 
0.2 0.137299 0.323213 0.825284 
0.26 0.180345 0.284616 0.772408 
0.38 0.375572 0.21409 0.66875 
0.38 0.419914 0.213751 0.861263 
0.2 0.135045 0.345143 0.851402 
0.22 0.166633 0.311274 0.772408 
0.26 0.224525 0.300229 0.743553 
0.2 0.150135 0.326225 0.824513 
0.22 0.153672 0.311305 0.824513 
0.22 0.153454 0.303168 0.861263 
0.24 0.158639 0.289384 0.861263 
0.36 0.322046 0.258872 0.68125 
0.24 0.173198 0.310805 0.772408 
0.36 0.321092 0.239943 0.66875 
0.22 0.166633 0.311274 0.772408 
0.2 0.136605 0.327567 0.824513 
0.2 0.14352 0.317398 0.862805 
0.26 0.153954 0.305103 0.824513 
0.26 0.166819 0.315453 0.772408 
0.24 0.181386 0.329748 0.824513 
0.28 0.182798 0.276427 0.772408 
0.2 0.14352 0.317398 0.862805 
0.22 0.146395 0.333355 0.851402 
0.2 0.132036 0.345602 0.820023 
0.24 0.155903 0.316919 0.882777 
0.22 0.140924 0.334298 0.896643 
0.18 0.132605 0.354852 0.851402 
0.2 0.134045 0.34425 0.851402 
0.18 0.117236 0.3507 0.900236 
0.16 0.123842 0.358981 0.904839 
0.2 0.144914 0.336888 0.900236 
0.18 0.127846 0.352876 0.900236 
0.18 0.170809 0.34868 0.851402 
0.3 0.201523 0.280546 0.752125 
0.22 0.184428 0.322525 0.820023 
0.18 0.132813 0.343467 0.824513 
0.24 0.202727 0.304392 0.772408 
0.26 0.185312 0.292314 0.772408 
0.26 0.195001 0.278247 0.900236 
0.22 0.152302 0.328362 0.825284 
0.26 0.187154 0.313075 0.772408 
0.2 0.181984 0.321227 0.862805 
0.22 0.166633 0.311274 0.772408 
0.22 0.166633 0.311274 0.772408 
0.2 0.14352 0.313766 0.861263 
0.36 0.321092 0.239943 0.66875 
0.22 0.166633 0.311274 0.772408 
0.2 0.141937 0.334702 0.824513 
0.22 0.155278 0.316814 0.772408 
0.24 0.133947 0.322352 0.900236 
0.34 0.308483 0.263184 0.66875 
0.2 0.135632 0.344536 0.851402 
0.18 0.129068 0.345004 0.851402 
0.26 0.1781 0.309799 0.93846 
0.18 0.117236 0.350746 0.825284 
0.18 0.118158 0.362059 0.93846 
0.18 0.129068 0.348709 0.858846 
0.2 0.121949 0.348461 0.93846 
0.16 0.11644 0.360579 0.900236 
0.2 0.121949 0.354791 0.93846 
0.22 0.180766 0.34095 0.825284 
0.34 0.33741 0.256866 0.66875 
0.24 0.181521 0.308214 0.772408 
0.26 0.213091 0.298345 0.743553 
0.16 0.127629 0.354228 0.851402 
0.18 0.159366 0.33746 0.900236 
0.18 0.129068 0.348026 0.851402 
0.22 0.155278 0.316814 0.772408 
0.18 0.144381 0.342179 0.851402 
0.16 0.127629 0.354228 0.851402 
0.16 0.128494 0.365616 0.904839 
0.32 0.182983 0.277982 0.772408 
0.18 0.133026 0.346462 0.851402 
0.16 0.127629 0.356853 0.851402 
0.22 0.170772 0.32593 0.900236 
0.18 0.129068 0.345004 0.851402 
0.16 0.127629 0.359875 0.851402 
0.18 0.121417 0.350712 0.93846 
0.18 0.132605 0.356358 0.851402 
0.18 0.118158 0.359434 0.93846 
0.18 0.139729 0.337309 0.862805 
0.18 0.170809 0.34868 0.851402 
0.22 0.171744 0.334528 0.824513 
0.24 0.239875 0.311981 0.851402 
0.18 0.170554 0.336359 0.851402 
0.16 0.123842 0.351625 0.93846 
0.18 0.141706 0.352526 0.851402 
0.2 0.135632 0.344536 0.851402 
0.18 0.139729 0.332688 0.861263 
0.18 0.126805 0.355104 0.93846 
0.16 0.131341 0.357298 0.851402 
0.18 0.129068 0.345004 0.851402 
0.18 0.133508 0.33706 0.900236 
0.18 0.129068 0.348026 0.851402 
0.16 0.11644 0.360579 0.900236 
0.2 0.131258 0.350298 0.904839 
0.16 0.127629 0.354228 0.851402 
0.24 0.183081 0.319886 0.904839 
0.18 0.144381 0.340921 0.851402 
0.18 0.13816 0.347641 0.900236 
0.16 0.131341 0.357298 0.851402 
0.2 0.163185 0.348113 0.904839 
0.2 0.186636 0.331614 0.851402 
0.24 0.149469 0.329067 0.904839 
0.2 0.122759 0.346935 0.93846 
0.18 0.121417 0.357287 0.896643 
0.18 0.133304 0.360891 0.904839 
0.16 0.139683 0.36189 0.904839 
0.16 0.11644 0.357954 0.900236 
0.18 0.129068 0.345004 0.851402 
0.18 0.133026 0.349484 0.851402 
0.18 0.117236 0.350746 0.825284 
0.18 0.133026 0.346462 0.851402 
0.16 0.117139 0.373781 0.904839 
0.16 0.131341 0.357298 0.851402 
0.16 0.1497 0.360296 0.93846 
0.42 0.353737 0.235326 0.68575 
0.4 0.380549 0.210565 0.66875 

