0.34 0.298609 0.276652 0.752125 
0.44 0.391543 0.202502 0.66875 
0.46 0.513459 0.205421 0.66875 
0.52 0.4385 0.183537 0.861263 
0.48 0.446601 0.200088 0.66875 
0.46 0.451813 0.205182 0.68575 
0.48 0.455544 0.198459 0.66875 
0.48 0.470561 0.194742 0.700191 
0.48 0.461382 0.193447 0.700191 
0.5 0.490101 0.19058 0.66875 
0.5 0.503053 0.190194 0.858793 
0.3 0.20156 0.290301 0.772408 
0.38 0.33386 0.253531 0.68575 
0.34 0.2126 0.252039 0.817822 
0.36 0.214614 0.249847 0.772408 
0.44 0.368092 0.205209 0.66875 
0.44 0.408629 0.203013 0.66875 
0.44 0.346168 0.201735 0.861263 
0.46 0.389145 0.197481 0.824513 
0.46 0.406101 0.193471 0.700191 
0.46 0.410253 0.206481 0.835783 
0.3 0.186562 0.294412 0.752125 
0.32 0.170281 0.273227 0.824513 
0.28 0.14477 0.294956 0.824513 
0.32 0.225085 0.257439 0.743553 
0.36 0.2123 0.243886 0.824513 
0.42 0.36923 0.208766 0.66875 
0.42 0.390904 0.221981 0.66875 
0.38 0.242477 0.245373 0.765643 
0.42 0.382571 0.200457 0.861263 
0.16 0.11644 0.355029 0.825284 
0.26 0.180886 0.305757 0.752125 
0.22 0.153672 0.301026 0.824513 
0.36 0.198755 0.252513 0.824513 
0.3 0.189094 0.271823 0.772408 
0.32 0.207198 0.258698 0.772408 
0.4 0.355709 0.21303 0.66875 
0.32 0.196852 0.261014 0.820023 
0.24 0.161842 0.317862 0.772408 
0.36 0.30864 0.247705 0.66875 
0.34 0.272996 0.257201 0.709001 
0.3 0.185192 0.2699 0.772408 
0.28 0.177706 0.27448 0.824513 
0.32 0.16318 0.277286 0.824513 
0.34 0.184511 0.254811 0.824513 
0.22 0.146914 0.330541 0.824513 
0.22 0.133656 0.329799 0.851402 
0.28 0.157908 0.295196 0.851172 
0.22 0.139044 0.318977 0.824513 
0.28 0.170212 0.279511 0.824513 
0.3 0.15326 0.284033 0.861263 
0.2 0.13361 0.336213 0.824513 
0.28 0.151237 0.308086 0.824513 
0.24 0.150705 0.314641 0.824513 
0.32 0.157533 0.281509 0.861263 
0.22 0.136572 0.312516 0.93846 
0.28 0.152843 0.308537 0.824513 
0.28 0.151492 0.310921 0.824513 
0.22 0.135572 0.323027 0.820023 
0.24 0.121551 0.346952 0.904839 
0.22 0.142733 0.327448 0.824513 
0.18 0.120231 0.347026 0.825284 
0.22 0.119111 0.339746 0.904839 
0.14 0.106775 0.378966 0.904839 
0.24 0.121551 0.353681 0.904839 
0.16 0.107571 0.371712 0.904839 
0.2 0.158246 0.32724 0.820023 
0.4 0.361616 0.232512 0.66875 
0.36 0.376387 0.252532 0.68125 
0.4 0.370466 0.220307 0.68575 
0.44 0.418419 0.212201 0.68575 
0.48 0.444462 0.195755 0.66875 
0.44 0.408629 0.205954 0.66875 
0.44 0.403662 0.19578 0.861263 
0.46 0.437852 0.201678 0.700191 
0.48 0.405518 0.189936 0.858793 
0.22 0.146914 0.330541 0.824513 
0.24 0.170425 0.3003 0.772408 
0.28 0.189492 0.276458 0.817822 
0.28 0.179137 0.273896 0.820023 
0.36 0.341724 0.242172 0.68575 
0.36 0.255577 0.243999 0.817822 
0.42 0.402301 0.212448 0.66875 
0.42 0.311918 0.20712 0.824513 
0.42 0.296887 0.214755 0.824513 
0.34 0.248314 0.281524 0.709001 
0.24 0.150705 0.319568 0.824513 
0.28 0.157908 0.292174 0.824513 
0.22 0.153672 0.311496 0.820023 
0.28 0.190279 0.272816 0.772408 
0.34 0.192681 0.256618 0.861263 
0.38 0.280546 0.224325 0.743553 
0.38 0.258623 0.227529 0.861263 
0.24 0.165198 0.307877 0.772408 
0.18 0.132813 0.343467 0.824513 
0.26 0.18165 0.316653 0.825284 
0.2 0.121028 0.331876 0.825284 
0.36 0.278755 0.250695 0.709001 
0.32 0.177415 0.264698 0.824513 
0.32 0.20181 0.256911 0.861263 
0.18 0.117236 0.347776 0.825284 
0.22 0.166633 0.311274 0.772408 
0.22 0.166633 0.311274 0.772408 
0.28 0.157908 0.295196 0.851172 
0.26 0.145511 0.304308 0.824513 
0.32 0.163194 0.270734 0.93846 
0.2 0.14914 0.356035 0.825284 
0.2 0.141937 0.334702 0.824513 
0.24 0.15907 0.300914 0.772408 
0.2 0.125208 0.334159 0.824513 
0.2 0.137299 0.311789 0.93846 
0.26 0.166819 0.31697 0.772408 
0.18 0.132813 0.343467 0.824513 
0.16 0.11644 0.357999 0.825284 
0.16 0.11644 0.354229 0.93846 
0.22 0.141039 0.334956 0.876444 
0.18 0.128425 0.346975 0.851402 
0.16 0.11644 0.357251 0.93846 
0.18 0.113978 0.366697 0.904839 
0.2 0.118954 0.355203 0.93846 
0.22 0.122745 0.350408 0.904839 
0.34 0.346895 0.266511 0.66875 
0.16 0.11644 0.355029 0.825284 
0.32 0.323476 0.26667 0.68125 
0.36 0.328318 0.227292 0.66875 
0.38 0.354366 0.215288 0.66875 
0.4 0.356806 0.208141 0.700191 
0.38 0.357028 0.220353 0.770481 
0.42 0.413309 0.205531 0.816218 
0.42 0.390399 0.214673 0.835783 
0.18 0.121417 0.347089 0.824513 
0.2 0.141937 0.334702 0.824513 
0.26 0.213091 0.298345 0.743553 
0.18 0.133508 0.338959 0.825284 
0.22 0.153672 0.301026 0.824513 
0.28 0.190279 0.270995 0.772408 
0.3 0.230172 0.258535 0.770481 
0.34 0.299197 0.235474 0.861263 
0.24 0.170425 0.3003 0.772408 
0.22 0.18147 0.329435 0.772408 
0.2 0.154533 0.32417 0.820023 
0.26 0.167772 0.288101 0.824513 
0.32 0.297364 0.263514 0.700191 
0.3 0.192718 0.265669 0.772408 
0.34 0.183178 0.25705 0.861263 
0.24 0.150705 0.319568 0.824513 
0.18 0.132813 0.343467 0.824513 
0.24 0.13884 0.316016 0.824513 
0.22 0.166633 0.311274 0.772408 
0.22 0.1879 0.305429 0.824513 
0.22 0.138095 0.308305 0.825284 
0.18 0.151695 0.349552 0.825284 
0.22 0.146914 0.333563 0.851172 
0.18 0.121417 0.347089 0.824513 
0.2 0.121028 0.334846 0.825284 
0.2 0.121028 0.331076 0.93846 
0.26 0.143817 0.31224 0.824513 
0.2 0.122467 0.349134 0.824513 
0.18 0.117236 0.35676 0.825284 
0.16 0.11644 0.354229 0.93846 
0.18 0.13429 0.348313 0.851402 
0.16 0.127629 0.354228 0.851402 
0.16 0.113181 0.362952 0.93846 
0.22 0.122745 0.350805 0.904839 
0.16 0.11644 0.360976 0.900236 
0.2 0.121949 0.360683 0.904839 
0.26 0.22427 0.29301 0.743553 
0.26 0.206448 0.310955 0.772408 
0.18 0.13816 0.350312 0.825284 
0.26 0.206967 0.286514 0.824513 
0.34 0.284379 0.242871 0.711389 
0.38 0.325814 0.227377 0.700191 
0.32 0.276857 0.251852 0.817822 
0.38 0.354366 0.209932 0.861263 
0.22 0.166633 0.311274 0.772408 
0.24 0.150705 0.319568 0.824513 
0.2 0.140525 0.329187 0.851402 
0.26 0.192242 0.300217 0.752125 
0.22 0.171601 0.305284 0.817822 
0.26 0.184516 0.280619 0.817822 
0.26 0.195001 0.278292 0.825284 
0.24 0.170124 0.314807 0.772408 
0.22 0.146914 0.330541 0.824513 
0.18 0.132813 0.343467 0.824513 
0.26 0.167772 0.302011 0.824513 
0.22 0.148497 0.315176 0.861263 
0.22 0.153885 0.312827 0.861263 
0.22 0.146914 0.330541 0.824513 
0.22 0.141581 0.328976 0.824513 
0.26 0.175142 0.310238 0.772408 
0.18 0.139729 0.332688 0.861263 
0.2 0.136817 0.326551 0.861263 
0.16 0.127629 0.354228 0.851402 
0.22 0.143187 0.333441 0.820023 
0.18 0.113005 0.370714 0.904839 
0.18 0.122115 0.365033 0.93846 
0.2 0.121949 0.357661 0.904839 
0.2 0.118954 0.355203 0.93846 
0.16 0.11644 0.354229 0.93846 
0.18 0.113978 0.359423 0.904839 
0.18 0.116973 0.355703 0.904839 
0.16 0.11644 0.357954 0.900236 
0.18 0.132813 0.343467 0.824513 
0.18 0.149348 0.337954 0.851402 
0.26 0.22427 0.29301 0.743553 
0.24 0.163981 0.304001 0.824513 
0.18 0.133508 0.340443 0.825284 
0.2 0.149881 0.316926 0.824513 
0.22 0.147233 0.298168 0.93846 
0.26 0.22427 0.29301 0.743553 
0.16 0.11644 0.364013 0.825284 
0.24 0.150705 0.319568 0.824513 
0.2 0.187367 0.322446 0.861263 
0.16 0.127629 0.354228 0.851402 
0.22 0.159019 0.300146 0.93846 
0.24 0.161801 0.317398 0.772408 
0.24 0.170425 0.3003 0.772408 
0.2 0.134045 0.342744 0.851402 
0.18 0.149348 0.34654 0.851402 
0.18 0.151695 0.352522 0.825284 
0.22 0.145729 0.323729 0.824513 
0.16 0.111751 0.371708 0.904839 
0.16 0.127629 0.354228 0.851402 
0.16 0.11644 0.357251 0.93846 
0.16 0.127629 0.354228 0.851402 
0.18 0.115621 0.37573 0.904839 
0.18 0.159426 0.336743 0.93846 
0.22 0.120208 0.3572 0.904839 
0.16 0.11644 0.354229 0.93846 
0.22 0.122745 0.347783 0.904839 
0.2 0.153991 0.34084 0.876444 
0.24 0.182178 0.31732 0.772408 
0.24 0.201301 0.30646 0.820023 
0.18 0.144696 0.336672 0.851402 
0.2 0.192334 0.320467 0.851402 
0.22 0.186446 0.315468 0.896136 
0.18 0.117236 0.35676 0.825284 
0.16 0.127629 0.354228 0.851402 
0.16 0.11644 0.357999 0.825284 
0.18 0.170615 0.336742 0.851402 
0.18 0.13816 0.343917 0.93846 
0.18 0.13429 0.348313 0.851402 
0.18 0.144381 0.340921 0.851402 
0.18 0.132605 0.353733 0.851402 
0.16 0.11644 0.354229 0.93846 
0.16 0.116695 0.363601 0.825284 
0.16 0.127629 0.354228 0.851402 
0.18 0.120231 0.346278 0.93846 
0.16 0.113181 0.362952 0.93846 
0.18 0.115621 0.37573 0.904839 
0.18 0.130934 0.36161 0.904839 
0.2 0.196047 0.335145 0.851402 
0.2 0.225645 0.339097 0.904839 
0.16 0.123842 0.35535 0.904839 
0.18 0.182669 0.349168 0.904839 
0.18 0.192686 0.345832 0.93846 
0.16 0.131341 0.357298 0.851402 
0.16 0.131341 0.357298 0.851402 
0.16 0.11644 0.357999 0.825284 
0.18 0.13816 0.346541 0.93846 
0.16 0.127629 0.354228 0.851402 
0.22 0.159903 0.338171 0.851402 
0.2 0.154677 0.353992 0.904839 
0.16 0.11644 0.357999 0.825284 
0.2 0.17392 0.344124 0.904839 
0.18 0.120231 0.343256 0.93846 
0.2 0.17024 0.33724 0.861263 
0.26 0.192242 0.300217 0.752125 
0.2 0.212869 0.330318 0.851402 
0.16 0.123842 0.351625 0.93846 
0.2 0.139012 0.347503 0.851402 
0.16 0.127629 0.354228 0.851402 
0.16 0.11644 0.357999 0.825284 
0.16 0.131341 0.362944 0.851402 
0.16 0.11644 0.354229 0.93846 
0.2 0.138003 0.34045 0.861263 
0.2 0.21429 0.340185 0.904839 
0.22 0.205652 0.33443 0.825284 
0.2 0.175262 0.349337 0.904839 
0.2 0.13286 0.338934 0.882777 
0.18 0.1497 0.348309 0.93846 
0.18 0.130934 0.364632 0.904839 
0.16 0.11644 0.357999 0.825284 
0.16 0.111751 0.371708 0.904839 
0.18 0.116973 0.355001 0.93846 
0.16 0.139683 0.358868 0.904839 
0.36 0.4005 0.275573 0.681392 
0.44 0.365495 0.226807 0.752125 

