0.46 0.519421 0.198287 0.68575 
0.46 0.530064 0.218006 0.68575 
0.46 0.428011 0.208287 0.752125 
0.5 0.487758 0.198565 0.68575 
0.5 0.436172 0.1903 0.861263 
0.5 0.530851 0.193676 0.68575 
0.5 0.494887 0.181987 0.700191 
0.5 0.494887 0.190011 0.700191 
0.5 0.487758 0.195624 0.68575 
0.54 0.562416 0.181647 0.858793 
0.54 0.517792 0.181834 0.858793 
0.28 0.1512 0.293926 0.861263 
0.36 0.332725 0.248419 0.68575 
0.44 0.356736 0.213691 0.66875 
0.42 0.340479 0.231941 0.68575 
0.44 0.408629 0.203013 0.66875 
0.42 0.359333 0.215414 0.66875 
0.42 0.397329 0.213937 0.68575 
0.42 0.360685 0.206837 0.700191 
0.48 0.419623 0.194816 0.66875 
0.48 0.369758 0.194827 0.824513 
0.34 0.187682 0.268317 0.772408 
0.32 0.195602 0.289809 0.824513 
0.32 0.222275 0.265535 0.743553 
0.3 0.180729 0.263914 0.824513 
0.36 0.2123 0.243886 0.824513 
0.42 0.3643 0.219299 0.66875 
0.42 0.387538 0.214859 0.66875 
0.4 0.244624 0.22825 0.824513 
0.48 0.341039 0.195811 0.858793 
0.18 0.117236 0.347776 0.825284 
0.26 0.146247 0.296509 0.824513 
0.28 0.228062 0.27711 0.743553 
0.26 0.163051 0.286579 0.824513 
0.34 0.186252 0.255889 0.824513 
0.4 0.313163 0.222283 0.709001 
0.36 0.2123 0.243886 0.824513 
0.38 0.223706 0.238067 0.861263 
0.18 0.117236 0.350746 0.825284 
0.3 0.293573 0.281963 0.66875 
0.26 0.160065 0.314564 0.825284 
0.28 0.170128 0.310246 0.825284 
0.26 0.179007 0.28818 0.772408 
0.32 0.175753 0.271146 0.824513 
0.32 0.16961 0.267819 0.861263 
0.24 0.167976 0.308169 0.772408 
0.26 0.149038 0.316043 0.824513 
0.22 0.137401 0.320313 0.824513 
0.22 0.123467 0.330892 0.825284 
0.26 0.164402 0.283174 0.851172 
0.26 0.131216 0.303494 0.93846 
0.34 0.298706 0.267885 0.66875 
0.28 0.165388 0.294292 0.772408 
0.28 0.170332 0.287051 0.772408 
0.26 0.14128 0.305521 0.851172 
0.24 0.136017 0.308668 0.93846 
0.24 0.156621 0.313709 0.772408 
0.2 0.116417 0.347108 0.93846 
0.18 0.132813 0.343467 0.824513 
0.24 0.16269 0.313406 0.93846 
0.18 0.117236 0.350746 0.825284 
0.2 0.13361 0.336213 0.824513 
0.26 0.138378 0.314258 0.93846 
0.18 0.112547 0.363496 0.93846 
0.18 0.113978 0.355698 0.93846 
0.24 0.142396 0.340661 0.93846 
0.34 0.345932 0.287496 0.68125 
0.3 0.200639 0.299007 0.772408 
0.38 0.451883 0.247379 0.68125 
0.36 0.307622 0.225969 0.817822 
0.42 0.417077 0.215305 0.68575 
0.46 0.493239 0.20114 0.700191 
0.46 0.449193 0.184769 0.861263 
0.44 0.440306 0.205567 0.68575 
0.44 0.435713 0.201283 0.700191 
0.52 0.51058 0.179877 0.858793 
0.2 0.154533 0.335779 0.820023 
0.34 0.305789 0.273854 0.711389 
0.22 0.136743 0.316148 0.825284 
0.36 0.338387 0.246484 0.68125 
0.38 0.333295 0.221945 0.700191 
0.44 0.368092 0.205539 0.66875 
0.42 0.400967 0.208329 0.700191 
0.44 0.372679 0.204417 0.824513 
0.42 0.399782 0.204615 0.861263 
0.2 0.141937 0.334702 0.824513 
0.18 0.128425 0.349997 0.851402 
0.26 0.16899 0.291977 0.772408 
0.34 0.318384 0.242545 0.66875 
0.3 0.173235 0.268945 0.824513 
0.32 0.214119 0.256375 0.817822 
0.32 0.217387 0.266211 0.824513 
0.34 0.217387 0.245544 0.861263 
0.16 0.11644 0.357999 0.825284 
0.24 0.145654 0.333165 0.824513 
0.36 0.324495 0.25288 0.68575 
0.26 0.164402 0.280152 0.824513 
0.24 0.154468 0.293773 0.824513 
0.24 0.146677 0.301112 0.825284 
0.34 0.203152 0.250784 0.861263 
0.22 0.170564 0.327088 0.862805 
0.22 0.140271 0.330298 0.824513 
0.28 0.153737 0.296814 0.824513 
0.22 0.145729 0.318802 0.824513 
0.3 0.171008 0.272257 0.824513 
0.26 0.158084 0.288558 0.861263 
0.22 0.146914 0.330541 0.824513 
0.3 0.176419 0.27845 0.772408 
0.2 0.13361 0.336213 0.824513 
0.22 0.133656 0.324872 0.851402 
0.22 0.138095 0.307557 0.93846 
0.18 0.132813 0.343467 0.824513 
0.16 0.113181 0.366657 0.93846 
0.28 0.153607 0.320542 0.824513 
0.2 0.117769 0.339798 0.93846 
0.22 0.139229 0.330725 0.824513 
0.16 0.127629 0.354228 0.851402 
0.14 0.106775 0.378966 0.904839 
0.2 0.144705 0.33192 0.862805 
0.16 0.113181 0.36626 0.93846 
0.18 0.139729 0.334287 0.862805 
0.2 0.143178 0.329711 0.820023 
0.22 0.155278 0.316814 0.772408 
0.34 0.400838 0.27648 0.68125 
0.38 0.39033 0.223061 0.68575 
0.38 0.377748 0.252195 0.68575 
0.38 0.354366 0.216135 0.66875 
0.42 0.422854 0.207861 0.700191 
0.44 0.430515 0.207345 0.66875 
0.42 0.422173 0.218538 0.861263 
0.3 0.293573 0.281963 0.66875 
0.3 0.293573 0.281963 0.66875 
0.26 0.22427 0.29301 0.743553 
0.3 0.211841 0.268619 0.752125 
0.36 0.250328 0.243654 0.752125 
0.3 0.216327 0.25706 0.861263 
0.28 0.190279 0.270995 0.772408 
0.32 0.256642 0.245593 0.861263 
0.22 0.161671 0.345094 0.824513 
0.18 0.128425 0.349997 0.851402 
0.2 0.141937 0.334702 0.824513 
0.22 0.150677 0.309673 0.824513 
0.3 0.216327 0.26365 0.772408 
0.22 0.138095 0.308305 0.825284 
0.28 0.195246 0.270107 0.851172 
0.22 0.155278 0.316814 0.772408 
0.18 0.132813 0.343467 0.824513 
0.2 0.141937 0.334702 0.824513 
0.24 0.15907 0.300914 0.772408 
0.22 0.153672 0.301026 0.824513 
0.28 0.161875 0.276805 0.861263 
0.22 0.144451 0.334034 0.824513 
0.26 0.147696 0.311739 0.861263 
0.18 0.132813 0.343467 0.824513 
0.26 0.170175 0.306159 0.772408 
0.26 0.143988 0.305064 0.93846 
0.2 0.13361 0.336213 0.824513 
0.16 0.11644 0.355029 0.825284 
0.18 0.132605 0.35291 0.858846 
0.16 0.11644 0.354912 0.93846 
0.22 0.1693 0.340912 0.851402 
0.16 0.127629 0.354911 0.858846 
0.18 0.129068 0.345687 0.858846 
0.16 0.113181 0.376575 0.904839 
0.16 0.113181 0.36626 0.93846 
0.22 0.147923 0.337348 0.851402 
0.22 0.175378 0.334145 0.824513 
0.24 0.192445 0.307604 0.824513 
0.32 0.314862 0.26411 0.66875 
0.24 0.198912 0.309928 0.820023 
0.34 0.318398 0.236228 0.700191 
0.26 0.201551 0.283418 0.772408 
0.4 0.376915 0.210011 0.700191 
0.36 0.352075 0.220576 0.817822 
0.2 0.143432 0.339292 0.820023 
0.26 0.22427 0.29301 0.743553 
0.18 0.132813 0.343467 0.824513 
0.24 0.182169 0.325064 0.824513 
0.16 0.11644 0.357999 0.825284 
0.36 0.328318 0.228139 0.66875 
0.24 0.168953 0.286526 0.93846 
0.16 0.11644 0.357999 0.825284 
0.16 0.127629 0.35725 0.851402 
0.2 0.141937 0.334702 0.824513 
0.26 0.176989 0.299832 0.772408 
0.18 0.120231 0.339129 0.825284 
0.18 0.120231 0.339012 0.93846 
0.2 0.13779 0.339949 0.824513 
0.18 0.132813 0.343467 0.824513 
0.22 0.155278 0.316814 0.772408 
0.2 0.144705 0.328275 0.862805 
0.18 0.120231 0.339812 0.858846 
0.2 0.152492 0.345269 0.825284 
0.22 0.137757 0.355327 0.851402 
0.22 0.133869 0.329607 0.882777 
0.16 0.123842 0.354859 0.93846 
0.16 0.127629 0.356853 0.851402 
0.2 0.134045 0.34425 0.851402 
0.2 0.121949 0.356248 0.93846 
0.16 0.113181 0.362952 0.93846 
0.16 0.113181 0.363635 0.93846 
0.18 0.118158 0.360117 0.93846 
0.24 0.181521 0.30559 0.772408 
0.18 0.167522 0.347951 0.851402 
0.2 0.175739 0.322973 0.820023 
0.24 0.223724 0.316525 0.772408 
0.2 0.175739 0.322973 0.820023 
0.22 0.187839 0.310076 0.772408 
0.24 0.149672 0.295467 0.93846 
0.24 0.18059 0.314271 0.772408 
0.22 0.146914 0.330541 0.824513 
0.2 0.141937 0.334702 0.824513 
0.22 0.166633 0.311274 0.772408 
0.16 0.127629 0.354228 0.851402 
0.18 0.139729 0.330276 0.862805 
0.22 0.166633 0.311274 0.772408 
0.22 0.150677 0.311189 0.824513 
0.24 0.165198 0.307573 0.772408 
0.18 0.139729 0.333677 0.851402 
0.16 0.11644 0.354912 0.93846 
0.16 0.127629 0.354228 0.851402 
0.18 0.132605 0.355873 0.851402 
0.16 0.127629 0.354228 0.851402 
0.24 0.137581 0.31849 0.93846 
0.16 0.127629 0.354228 0.851402 
0.18 0.162884 0.348751 0.851402 
0.24 0.144983 0.316825 0.93846 
0.16 0.113181 0.362952 0.93846 
0.16 0.11644 0.354229 0.93846 
0.18 0.148437 0.360782 0.93846 
0.18 0.132813 0.343467 0.824513 
0.26 0.175799 0.323961 0.772408 
0.22 0.175378 0.334145 0.824513 
0.16 0.11644 0.355029 0.825284 
0.18 0.156385 0.340387 0.851402 
0.18 0.133508 0.327689 0.93846 
0.2 0.156695 0.349254 0.824513 
0.16 0.11644 0.357999 0.825284 
0.22 0.173762 0.321594 0.861263 
0.18 0.144381 0.340921 0.851402 
0.16 0.123842 0.351625 0.93846 
0.18 0.132605 0.355873 0.851402 
0.2 0.141937 0.334702 0.824513 
0.2 0.137827 0.340333 0.858846 
0.16 0.123842 0.356376 0.93846 
0.16 0.127629 0.356853 0.851402 
0.2 0.134045 0.341228 0.851402 
0.14 0.106775 0.378966 0.904839 
0.16 0.127629 0.354911 0.858846 
0.18 0.121417 0.359182 0.93846 
0.18 0.116973 0.354603 0.93846 
0.22 0.155278 0.316814 0.772408 
0.16 0.127629 0.354228 0.851402 
0.16 0.11644 0.357999 0.825284 
0.16 0.151117 0.358821 0.904839 
0.16 0.123842 0.353141 0.93846 
0.22 0.166633 0.311274 0.772408 
0.16 0.11644 0.355029 0.825284 
0.16 0.135031 0.352234 0.904839 
0.2 0.171795 0.344605 0.93846 
0.16 0.127629 0.354228 0.851402 
0.2 0.139012 0.34668 0.858846 
0.16 0.11644 0.354912 0.93846 
0.16 0.113181 0.366657 0.93846 
0.16 0.11644 0.354229 0.93846 
0.18 0.128818 0.351342 0.93846 
0.26 0.212179 0.303508 0.772408 
0.16 0.131341 0.357298 0.851402 
0.16 0.127629 0.354228 0.851402 
0.16 0.11644 0.357999 0.825284 
0.18 0.129068 0.345004 0.851402 
0.18 0.13142 0.351042 0.882777 
0.16 0.11644 0.354229 0.93846 
0.18 0.132605 0.356556 0.858846 
0.18 0.121417 0.353734 0.93846 
0.16 0.11644 0.354229 0.93846 
0.16 0.138743 0.357318 0.904839 
0.16 0.127629 0.354228 0.851402 
0.16 0.11644 0.354229 0.93846 
0.18 0.132605 0.353336 0.851402 
0.16 0.11644 0.354229 0.93846 
0.16 0.11644 0.354229 0.93846 
0.16 0.135031 0.354249 0.904839 
0.22 0.229936 0.312761 0.851402 
0.16 0.123842 0.357881 0.93846 
0.18 0.170286 0.346147 0.904839 
0.2 0.121028 0.331876 0.825284 
0.44 0.328249 0.214519 0.752125 

