0.5 0.474903 0.183827 0.66875 
0.42 0.456933 0.209445 0.66875 
0.46 0.454285 0.202308 0.66875 
0.44 0.450726 0.213891 0.68125 
0.48 0.454508 0.201723 0.68125 
0.5 0.511061 0.20287 0.66875 
0.52 0.491489 0.18596 0.66875 
0.5 0.484083 0.190204 0.66875 
0.5 0.467775 0.202631 0.757185 
0.52 0.540928 0.190414 0.66875 
0.54 0.474857 0.177904 0.858793 
0.42 0.382021 0.24261 0.68575 
0.42 0.325722 0.223817 0.66875 
0.36 0.342868 0.246203 0.68575 
0.36 0.269793 0.249463 0.772408 
0.4 0.360676 0.21406 0.66875 
0.44 0.408629 0.203013 0.66875 
0.46 0.408217 0.205163 0.66875 
0.44 0.346353 0.208925 0.824513 
0.46 0.418405 0.203932 0.861263 
0.52 0.493341 0.181618 0.858793 
0.16 0.11644 0.357999 0.825284 
0.28 0.214031 0.290865 0.743553 
0.34 0.224803 0.245603 0.824513 
0.36 0.328318 0.227292 0.66875 
0.4 0.344354 0.217724 0.66875 
0.36 0.234186 0.245276 0.824513 
0.38 0.214739 0.244821 0.824513 
0.4 0.325337 0.213721 0.709001 
0.46 0.427988 0.185966 0.861263 
0.34 0.200343 0.282352 0.824513 
0.22 0.124986 0.331755 0.825284 
0.32 0.206504 0.275631 0.743553 
0.34 0.21498 0.250538 0.752125 
0.34 0.1849 0.262317 0.824513 
0.34 0.206768 0.25456 0.824513 
0.38 0.234681 0.234427 0.861263 
0.42 0.242097 0.225627 0.861263 
0.26 0.190339 0.310478 0.743553 
0.36 0.30864 0.252631 0.66875 
0.2 0.121028 0.334846 0.825284 
0.3 0.177438 0.280701 0.772408 
0.28 0.159412 0.279184 0.824513 
0.32 0.16961 0.26975 0.824513 
0.38 0.200097 0.241403 0.843973 
0.22 0.134841 0.336996 0.851402 
0.26 0.164046 0.297397 0.772408 
0.22 0.156283 0.329369 0.825284 
0.3 0.15619 0.288625 0.824513 
0.26 0.151654 0.293171 0.824513 
0.26 0.158084 0.29158 0.861263 
0.18 0.121671 0.356388 0.824513 
0.2 0.132216 0.339024 0.851402 
0.22 0.126259 0.333234 0.824513 
0.3 0.156713 0.29076 0.824513 
0.24 0.132411 0.311691 0.824513 
0.3 0.186511 0.284379 0.772408 
0.16 0.11644 0.355029 0.825284 
0.22 0.122625 0.337397 0.825284 
0.24 0.13741 0.314876 0.861263 
0.32 0.155019 0.293947 0.824513 
0.2 0.129865 0.340772 0.851402 
0.22 0.117681 0.344094 0.904839 
0.18 0.127633 0.345032 0.904839 
0.2 0.117769 0.34845 0.904839 
0.18 0.112547 0.360474 0.93846 
0.18 0.133508 0.331459 0.825284 
0.34 0.368101 0.26211 0.66875 
0.4 0.381229 0.212998 0.66875 
0.38 0.342877 0.218888 0.816218 
0.44 0.423386 0.220507 0.66875 
0.44 0.419771 0.212125 0.68125 
0.48 0.480801 0.204186 0.757185 
0.44 0.43064 0.209349 0.66875 
0.44 0.426645 0.194705 0.66875 
0.48 0.497854 0.188852 0.858793 
0.36 0.30864 0.252631 0.66875 
0.26 0.16256 0.309374 0.772408 
0.24 0.163981 0.314471 0.820023 
0.38 0.348307 0.237494 0.68125 
0.3 0.199426 0.262838 0.817822 
0.44 0.404254 0.219599 0.681392 
0.44 0.347265 0.197632 0.861263 
0.38 0.354366 0.215288 0.66875 
0.44 0.347265 0.200574 0.861263 
0.16 0.11644 0.357999 0.825284 
0.34 0.298706 0.269609 0.66875 
0.28 0.19413 0.294578 0.743553 
0.2 0.137299 0.315559 0.825284 
0.38 0.200097 0.244425 0.851172 
0.26 0.158616 0.289254 0.820023 
0.3 0.182761 0.277157 0.820023 
0.32 0.224826 0.250197 0.861263 
0.2 0.141937 0.344743 0.825284 
0.26 0.139975 0.323177 0.851402 
0.24 0.201991 0.290674 0.824513 
0.32 0.199028 0.257982 0.772408 
0.32 0.244023 0.255864 0.824513 
0.26 0.153084 0.293552 0.825284 
0.26 0.181933 0.291864 0.93846 
0.2 0.136605 0.332494 0.824513 
0.24 0.150446 0.322938 0.772408 
0.26 0.147687 0.319888 0.824513 
0.26 0.154237 0.307038 0.772408 
0.24 0.163606 0.287405 0.824513 
0.24 0.146677 0.297342 0.93846 
0.18 0.117236 0.347776 0.825284 
0.16 0.11644 0.357999 0.825284 
0.24 0.146525 0.326516 0.825284 
0.22 0.137836 0.330208 0.861263 
0.2 0.137299 0.31542 0.93846 
0.3 0.175308 0.290282 0.772408 
0.18 0.120486 0.353355 0.825284 
0.18 0.132813 0.343467 0.824513 
0.22 0.122745 0.341208 0.93846 
0.16 0.116695 0.364328 0.825284 
0.2 0.122213 0.342805 0.824513 
0.18 0.127846 0.356581 0.900236 
0.18 0.115542 0.367839 0.904839 
0.18 0.126703 0.363942 0.904839 
0.16 0.111751 0.371025 0.904839 
0.34 0.304849 0.263605 0.66875 
0.28 0.249494 0.286682 0.772408 
0.32 0.345867 0.278163 0.68125 
0.42 0.387663 0.21393 0.66875 
0.38 0.348052 0.234832 0.68575 
0.38 0.350598 0.218729 0.817822 
0.38 0.354366 0.212874 0.861263 
0.4 0.385432 0.210716 0.817822 
0.48 0.50171 0.193299 0.858793 
0.32 0.314862 0.261169 0.66875 
0.36 0.319995 0.247091 0.66875 
0.24 0.168633 0.320229 0.820023 
0.38 0.329661 0.231685 0.66875 
0.2 0.137299 0.315559 0.825284 
0.36 0.23932 0.24368 0.817822 
0.32 0.236482 0.250847 0.743553 
0.34 0.240741 0.245362 0.824513 
0.22 0.145729 0.323729 0.824513 
0.34 0.307298 0.255736 0.66875 
0.26 0.22427 0.29301 0.743553 
0.2 0.125208 0.334159 0.824513 
0.22 0.138095 0.308305 0.825284 
0.32 0.187673 0.266147 0.772408 
0.24 0.168953 0.286526 0.93846 
0.24 0.138632 0.326282 0.851402 
0.24 0.189899 0.313055 0.824513 
0.22 0.166633 0.311274 0.772408 
0.2 0.141937 0.334702 0.824513 
0.26 0.154237 0.307038 0.772408 
0.3 0.163217 0.2737 0.861263 
0.22 0.145729 0.323729 0.824513 
0.24 0.140025 0.324729 0.824513 
0.2 0.122213 0.339835 0.824513 
0.2 0.187682 0.310201 0.851402 
0.22 0.202379 0.3159 0.93846 
0.2 0.122213 0.342805 0.824513 
0.22 0.143058 0.333823 0.851402 
0.16 0.11644 0.357999 0.825284 
0.22 0.132258 0.348848 0.936526 
0.16 0.11644 0.357999 0.825284 
0.18 0.116973 0.358328 0.904839 
0.16 0.113181 0.362952 0.93846 
0.2 0.128078 0.35468 0.896643 
0.16 0.123842 0.37102 0.904839 
0.16 0.111751 0.367728 0.93846 
0.32 0.341947 0.282941 0.709001 
0.32 0.308719 0.267173 0.66875 
0.36 0.319995 0.247091 0.66875 
0.24 0.213179 0.291866 0.824513 
0.4 0.359343 0.211763 0.66875 
0.26 0.222646 0.276182 0.817822 
0.4 0.355709 0.215289 0.700191 
0.34 0.336132 0.235809 0.862805 
0.2 0.141937 0.334702 0.824513 
0.18 0.132813 0.343467 0.824513 
0.28 0.205485 0.293964 0.743553 
0.2 0.187682 0.313223 0.851402 
0.3 0.226548 0.264468 0.743553 
0.28 0.182798 0.276427 0.772408 
0.26 0.195001 0.274522 0.93846 
0.2 0.121028 0.336803 0.825284 
0.22 0.147182 0.329088 0.820023 
0.3 0.22864 0.278256 0.772408 
0.26 0.175401 0.296783 0.772408 
0.2 0.187682 0.313223 0.851402 
0.2 0.137299 0.311789 0.93846 
0.2 0.136605 0.332494 0.824513 
0.22 0.145729 0.33377 0.825284 
0.22 0.137836 0.327186 0.861263 
0.18 0.121417 0.350059 0.824513 
0.18 0.139729 0.333298 0.862805 
0.26 0.177526 0.299185 0.862805 
0.16 0.11644 0.357999 0.825284 
0.16 0.127629 0.354911 0.858846 
0.16 0.11644 0.358637 0.900236 
0.18 0.121417 0.350059 0.824513 
0.18 0.116973 0.352662 0.93846 
0.16 0.113181 0.362952 0.93846 
0.18 0.132605 0.354852 0.851402 
0.14 0.106775 0.378966 0.904839 
0.22 0.170962 0.322773 0.900236 
0.16 0.11644 0.357999 0.825284 
0.18 0.151695 0.352522 0.825284 
0.24 0.170425 0.3003 0.772408 
0.22 0.192867 0.299439 0.824513 
0.22 0.185136 0.320433 0.824513 
0.34 0.318653 0.245269 0.66875 
0.28 0.220062 0.269477 0.861263 
0.26 0.21024 0.306765 0.743553 
0.34 0.304849 0.263605 0.66875 
0.24 0.163981 0.312985 0.824513 
0.18 0.13816 0.338703 0.825284 
0.22 0.159005 0.308161 0.824513 
0.18 0.142854 0.338281 0.861263 
0.18 0.121417 0.350059 0.824513 
0.26 0.164046 0.302324 0.772408 
0.22 0.224969 0.303741 0.862805 
0.2 0.187937 0.3195 0.851402 
0.18 0.133508 0.328298 0.93846 
0.16 0.11644 0.365228 0.896643 
0.16 0.127629 0.354228 0.851402 
0.18 0.127633 0.347002 0.904839 
0.16 0.14203 0.373488 0.904839 
0.2 0.13523 0.34576 0.851402 
0.16 0.113181 0.362952 0.93846 
0.16 0.113181 0.36736 0.904839 
0.14 0.106775 0.378966 0.904839 
0.16 0.113181 0.366676 0.904839 
0.14 0.106775 0.379649 0.904839 
0.22 0.197519 0.318292 0.820023 
0.26 0.245731 0.298304 0.743553 
0.32 0.29791 0.279559 0.711389 
0.2 0.182243 0.337376 0.851402 
0.18 0.133508 0.346998 0.825284 
0.24 0.272862 0.288312 0.851402 
0.34 0.307298 0.255736 0.66875 
0.26 0.154237 0.31459 0.772408 
0.22 0.152302 0.328723 0.820023 
0.18 0.13816 0.347687 0.825284 
0.16 0.123842 0.351625 0.93846 
0.16 0.131341 0.357298 0.851402 
0.14 0.106775 0.379649 0.904839 
0.18 0.13747 0.345659 0.904839 
0.18 0.142826 0.366235 0.904839 
0.16 0.127629 0.354228 0.851402 
0.18 0.116973 0.369307 0.904839 
0.2 0.171804 0.334253 0.93846 
0.18 0.131438 0.360438 0.858846 
0.2 0.121949 0.351086 0.93846 
0.16 0.113181 0.362952 0.93846 
0.28 0.224085 0.296268 0.772408 
0.24 0.158769 0.317722 0.772408 
0.2 0.187367 0.319424 0.861263 
0.24 0.226534 0.302722 0.851402 
0.18 0.182669 0.341382 0.904839 
0.22 0.166633 0.311274 0.772408 
0.22 0.152302 0.328723 0.820023 
0.18 0.150256 0.344356 0.904839 
0.16 0.123842 0.352235 0.93846 
0.16 0.127629 0.354228 0.851402 
0.14 0.106775 0.378966 0.904839 
0.18 0.166828 0.33777 0.93846 
0.16 0.113181 0.366676 0.904839 
0.16 0.110566 0.370617 0.904839 
0.14 0.106775 0.378966 0.904839 
0.26 0.199639 0.303414 0.772408 
0.2 0.175281 0.33674 0.851402 
0.2 0.15314 0.332942 0.851402 
0.16 0.128494 0.358869 0.93846 
0.16 0.127629 0.358369 0.851402 
0.18 0.129068 0.345004 0.851402 
0.18 0.144381 0.336911 0.861263 
0.16 0.131341 0.357981 0.858846 
0.18 0.166828 0.33716 0.93846 
0.16 0.123842 0.352235 0.93846 
0.14 0.106775 0.378966 0.904839 
0.22 0.198505 0.339033 0.904839 
0.18 0.159426 0.343072 0.93846 
0.16 0.139063 0.354181 0.861263 
0.16 0.11644 0.357999 0.825284 
0.14 0.106775 0.378966 0.904839 
0.16 0.138743 0.355303 0.904839 
0.16 0.138743 0.355303 0.904839 
0.16 0.11644 0.357954 0.900236 
0.16 0.128494 0.358869 0.93846 
0.4 0.419262 0.27232 0.66875 
0.44 0.458276 0.20634 0.66875 

