0.44 0.412749 0.201304 0.66875 
0.42 0.486143 0.22852 0.68125 
0.44 0.440977 0.210927 0.68125 
0.5 0.451494 0.193617 0.752125 
0.5 0.542372 0.20377 0.68575 
0.5 0.508964 0.194427 0.68575 
0.52 0.534582 0.184012 0.66875 
0.5 0.473001 0.18862 0.700191 
0.54 0.517792 0.181834 0.858793 
0.48 0.470561 0.194742 0.700191 
0.54 0.516986 0.177241 0.858793 
0.3 0.212832 0.287454 0.817822 
0.28 0.185571 0.289609 0.772408 
0.4 0.371563 0.218415 0.68575 
0.36 0.256248 0.244912 0.772408 
0.44 0.368092 0.205209 0.66875 
0.46 0.411068 0.197169 0.66875 
0.42 0.398477 0.213997 0.700191 
0.48 0.42459 0.196693 0.66875 
0.5 0.474903 0.183827 0.66875 
0.44 0.381835 0.205723 0.709001 
0.22 0.137401 0.322938 0.824513 
0.34 0.307029 0.253012 0.66875 
0.32 0.180942 0.265537 0.824513 
0.28 0.185724 0.291536 0.825284 
0.36 0.2123 0.243886 0.824513 
0.38 0.223946 0.245086 0.824513 
0.44 0.363125 0.203661 0.66875 
0.4 0.325337 0.214568 0.709001 
0.46 0.389145 0.192609 0.861263 
0.3 0.187969 0.306226 0.824513 
0.3 0.221859 0.283855 0.743553 
0.32 0.240435 0.258163 0.743553 
0.36 0.243898 0.242004 0.743553 
0.32 0.225127 0.256388 0.743553 
0.36 0.203259 0.260938 0.772408 
0.34 0.199468 0.268135 0.772408 
0.38 0.228673 0.235416 0.824513 
0.3 0.293573 0.281963 0.66875 
0.24 0.127346 0.329056 0.824513 
0.42 0.325722 0.220876 0.66875 
0.32 0.176276 0.270114 0.772408 
0.3 0.161852 0.273858 0.824513 
0.34 0.198449 0.264604 0.824513 
0.38 0.237375 0.237918 0.861263 
0.18 0.117236 0.347776 0.825284 
0.2 0.122213 0.342805 0.824513 
0.26 0.171767 0.292269 0.772408 
0.3 0.175308 0.291284 0.772408 
0.3 0.168291 0.279033 0.824513 
0.28 0.161861 0.280414 0.824513 
0.24 0.14771 0.323288 0.824513 
0.18 0.120231 0.342099 0.825284 
0.26 0.143817 0.31224 0.824513 
0.26 0.14515 0.301322 0.824513 
0.24 0.129874 0.307272 0.93846 
0.26 0.140974 0.325764 0.851402 
0.24 0.140025 0.324988 0.824513 
0.2 0.149233 0.355938 0.904839 
0.32 0.157533 0.285239 0.861263 
0.22 0.133619 0.331765 0.824513 
0.22 0.119111 0.340948 0.93846 
0.22 0.133656 0.32185 0.851402 
0.18 0.121417 0.350059 0.824513 
0.18 0.113978 0.355698 0.93846 
0.16 0.107571 0.371712 0.904839 
0.32 0.323476 0.274569 0.68575 
0.28 0.239162 0.283791 0.817822 
0.42 0.450105 0.230817 0.66875 
0.44 0.420974 0.211649 0.68575 
0.44 0.418419 0.209259 0.68575 
0.44 0.437959 0.204104 0.700191 
0.46 0.461572 0.196173 0.700191 
0.42 0.417077 0.215305 0.68575 
0.48 0.444462 0.195755 0.66875 
0.54 0.474857 0.177904 0.858793 
0.3 0.304928 0.276422 0.66875 
0.2 0.145492 0.335065 0.851402 
0.22 0.138095 0.308305 0.825284 
0.38 0.330758 0.222295 0.66875 
0.32 0.199296 0.258992 0.824513 
0.42 0.402301 0.215389 0.66875 
0.42 0.402319 0.202419 0.700191 
0.44 0.404759 0.199517 0.700191 
0.46 0.390242 0.194415 0.861263 
0.24 0.158769 0.317722 0.772408 
0.34 0.292276 0.278078 0.66875 
0.26 0.22427 0.29301 0.743553 
0.3 0.192718 0.265669 0.772408 
0.3 0.180146 0.269154 0.824513 
0.34 0.209906 0.251802 0.824513 
0.34 0.19782 0.256906 0.824513 
0.36 0.224793 0.241122 0.824513 
0.22 0.166633 0.311274 0.772408 
0.3 0.181386 0.288974 0.772408 
0.28 0.216882 0.287372 0.743553 
0.3 0.178502 0.267226 0.824513 
0.3 0.161852 0.273858 0.824513 
0.32 0.183169 0.258588 0.824513 
0.32 0.218178 0.260548 0.93846 
0.28 0.167758 0.310275 0.772408 
0.34 0.318653 0.250196 0.66875 
0.24 0.170304 0.321253 0.824513 
0.3 0.171818 0.277663 0.824513 
0.24 0.15907 0.300914 0.772408 
0.24 0.139438 0.304528 0.825284 
0.22 0.146914 0.330541 0.824513 
0.22 0.155278 0.316814 0.772408 
0.22 0.137401 0.320313 0.824513 
0.22 0.126004 0.323935 0.824513 
0.26 0.150469 0.285588 0.93846 
0.22 0.141581 0.328976 0.824513 
0.26 0.170175 0.305876 0.772408 
0.16 0.11644 0.357999 0.825284 
0.26 0.148552 0.311572 0.861263 
0.18 0.118158 0.369031 0.904839 
0.16 0.11644 0.355029 0.825284 
0.16 0.113181 0.362952 0.93846 
0.18 0.127638 0.353485 0.858846 
0.16 0.113181 0.365151 0.93846 
0.22 0.137836 0.3361 0.882777 
0.3 0.303437 0.291593 0.711389 
0.24 0.2307 0.321743 0.825284 
0.26 0.185312 0.28969 0.772408 
0.18 0.133508 0.331459 0.825284 
0.36 0.358241 0.254339 0.68125 
0.4 0.356806 0.208141 0.700191 
0.4 0.397343 0.208886 0.700191 
0.42 0.412503 0.200303 0.816218 
0.44 0.449073 0.204804 0.861263 
0.22 0.146914 0.330541 0.824513 
0.16 0.11644 0.357999 0.825284 
0.3 0.221859 0.283855 0.743553 
0.2 0.143136 0.331045 0.820023 
0.24 0.158639 0.289384 0.861263 
0.32 0.263007 0.252499 0.743553 
0.3 0.205647 0.270019 0.772408 
0.4 0.356806 0.206539 0.861263 
0.2 0.13779 0.344637 0.824513 
0.22 0.146761 0.340612 0.851402 
0.16 0.11644 0.357999 0.825284 
0.26 0.167772 0.288101 0.824513 
0.4 0.3321 0.21919 0.66875 
0.22 0.138095 0.308305 0.825284 
0.28 0.185724 0.280111 0.93846 
0.22 0.161671 0.345094 0.824513 
0.24 0.150446 0.322938 0.772408 
0.16 0.11644 0.357999 0.825284 
0.22 0.145729 0.318802 0.824513 
0.26 0.180345 0.291364 0.772408 
0.28 0.161875 0.276805 0.861263 
0.18 0.129068 0.341676 0.861263 
0.22 0.166633 0.311274 0.772408 
0.3 0.293573 0.281963 0.66875 
0.2 0.121028 0.334846 0.825284 
0.2 0.14352 0.318387 0.862805 
0.28 0.17061 0.301856 0.772408 
0.2 0.132823 0.339018 0.824513 
0.16 0.11644 0.357999 0.825284 
0.2 0.134045 0.337476 0.861263 
0.18 0.129068 0.34652 0.851402 
0.16 0.11644 0.357999 0.825284 
0.16 0.113181 0.36736 0.904839 
0.22 0.134841 0.335749 0.851402 
0.14 0.106775 0.378966 0.904839 
0.22 0.124388 0.357196 0.904839 
0.26 0.200889 0.303875 0.820023 
0.22 0.253679 0.327879 0.851402 
0.38 0.358014 0.253391 0.66875 
0.24 0.168633 0.320229 0.820023 
0.26 0.180359 0.281753 0.772408 
0.42 0.358148 0.206857 0.66875 
0.38 0.368092 0.217701 0.700191 
0.42 0.436403 0.203345 0.861263 
0.24 0.157278 0.317068 0.820023 
0.34 0.310061 0.262344 0.66875 
0.22 0.166633 0.311274 0.772408 
0.24 0.163981 0.304001 0.824513 
0.24 0.167448 0.299505 0.820023 
0.24 0.162796 0.297188 0.824513 
0.24 0.149672 0.292842 0.93846 
0.34 0.298706 0.269609 0.66875 
0.26 0.192177 0.322842 0.851402 
0.18 0.121417 0.350059 0.824513 
0.24 0.173198 0.310805 0.772408 
0.28 0.192732 0.290204 0.772408 
0.18 0.120231 0.338329 0.93846 
0.22 0.137192 0.338131 0.851402 
0.24 0.173198 0.310805 0.772408 
0.16 0.127629 0.354228 0.851402 
0.18 0.144696 0.339296 0.851402 
0.16 0.11644 0.357954 0.900236 
0.22 0.166633 0.311274 0.772408 
0.22 0.143058 0.333823 0.851402 
0.18 0.129068 0.348026 0.851402 
0.2 0.134045 0.338992 0.861263 
0.22 0.134841 0.336226 0.851402 
0.18 0.118158 0.367526 0.904839 
0.14 0.106775 0.378966 0.904839 
0.18 0.116973 0.355703 0.904839 
0.16 0.113181 0.366676 0.904839 
0.24 0.138632 0.326282 0.851402 
0.22 0.166633 0.311274 0.772408 
0.22 0.155278 0.316814 0.772408 
0.3 0.288268 0.288333 0.772408 
0.16 0.11644 0.357999 0.825284 
0.28 0.222757 0.280368 0.743553 
0.26 0.180345 0.286437 0.772408 
0.28 0.303877 0.263882 0.861263 
0.16 0.11644 0.357022 0.825284 
0.18 0.121671 0.356388 0.824513 
0.2 0.141937 0.338338 0.824513 
0.24 0.161842 0.317862 0.772408 
0.18 0.139729 0.333677 0.851402 
0.2 0.137299 0.321382 0.93846 
0.28 0.219965 0.293095 0.772408 
0.22 0.166633 0.31279 0.772408 
0.2 0.16786 0.345233 0.851402 
0.16 0.123842 0.35535 0.904839 
0.16 0.123842 0.351625 0.93846 
0.22 0.137192 0.338131 0.851402 
0.18 0.129068 0.345004 0.851402 
0.18 0.129068 0.345687 0.858846 
0.16 0.123842 0.352235 0.93846 
0.18 0.132605 0.354852 0.851402 
0.2 0.129865 0.339743 0.851402 
0.16 0.113181 0.362952 0.93846 
0.18 0.128425 0.346975 0.851402 
0.2 0.121949 0.354108 0.93846 
0.16 0.113181 0.362952 0.93846 
0.22 0.177063 0.339807 0.825284 
0.2 0.150135 0.326225 0.824513 
0.26 0.213091 0.298345 0.743553 
0.28 0.256068 0.291608 0.743553 
0.2 0.205481 0.327395 0.851402 
0.16 0.139063 0.354181 0.861263 
0.16 0.11644 0.357999 0.825284 
0.16 0.123842 0.35535 0.904839 
0.16 0.11644 0.365529 0.825284 
0.18 0.133508 0.331459 0.825284 
0.2 0.17454 0.342572 0.904839 
0.16 0.11644 0.357999 0.825284 
0.18 0.139729 0.333677 0.851402 
0.2 0.179951 0.335335 0.851402 
0.18 0.139729 0.331792 0.862805 
0.18 0.120231 0.344056 0.825284 
0.18 0.13142 0.343255 0.851402 
0.18 0.139729 0.334287 0.862805 
0.2 0.121949 0.358058 0.904839 
0.2 0.121949 0.348461 0.93846 
0.16 0.113181 0.36626 0.93846 
0.22 0.188728 0.340777 0.851402 
0.2 0.170402 0.338305 0.824513 
0.16 0.11644 0.357999 0.825284 
0.18 0.16468 0.350955 0.904839 
0.22 0.2234 0.317381 0.93846 
0.22 0.166633 0.311274 0.772408 
0.16 0.123842 0.35535 0.904839 
0.16 0.135031 0.351624 0.904839 
0.18 0.139729 0.329666 0.861263 
0.18 0.127638 0.351514 0.851402 
0.18 0.139729 0.333677 0.851402 
0.18 0.139729 0.331659 0.861263 
0.16 0.113181 0.364468 0.93846 
0.16 0.113181 0.363635 0.93846 
0.18 0.117236 0.351117 0.93846 
0.22 0.253679 0.327879 0.851402 
0.2 0.176484 0.324722 0.825284 
0.2 0.175262 0.344884 0.904839 
0.2 0.187358 0.330174 0.861263 
0.16 0.127629 0.354228 0.851402 
0.18 0.166819 0.351635 0.904839 
0.16 0.123842 0.35535 0.904839 
0.16 0.127629 0.354228 0.851402 
0.18 0.127633 0.340652 0.93846 
0.18 0.140405 0.350404 0.861263 
0.16 0.131341 0.359922 0.851402 
0.18 0.139729 0.333677 0.851402 
0.16 0.172323 0.359616 0.904839 
0.16 0.127629 0.35725 0.851402 
0.16 0.123842 0.354859 0.93846 
0.16 0.11644 0.357537 0.93846 
0.22 0.180238 0.346842 0.904839 
0.2 0.182706 0.329962 0.851402 
0.18 0.129068 0.345687 0.858846 
0.16 0.11644 0.357954 0.900236 
0.38 0.424136 0.284526 0.66875 
0.4 0.400074 0.233425 0.68125 

