0.36 0.365814 0.269713 0.68125 
0.46 0.432274 0.195972 0.66875 
0.44 0.419516 0.209462 0.68575 
0.5 0.487758 0.198565 0.68575 
0.48 0.487772 0.209323 0.68575 
0.5 0.587469 0.204357 0.68575 
0.52 0.507728 0.182885 0.66875 
0.5 0.528087 0.191657 0.700191 
0.54 0.58727 0.181948 0.858793 
0.5 0.494207 0.184481 0.700191 
0.54 0.516986 0.177241 0.858793 
0.28 0.199269 0.297614 0.772408 
0.26 0.171378 0.292484 0.825284 
0.44 0.390103 0.21257 0.66875 
0.42 0.330689 0.222753 0.66875 
0.44 0.368092 0.205209 0.66875 
0.4 0.360676 0.21406 0.66875 
0.44 0.451619 0.216788 0.68575 
0.48 0.439495 0.192057 0.700191 
0.48 0.472695 0.196644 0.700191 
0.52 0.4717 0.188124 0.861263 
0.26 0.138752 0.31276 0.824513 
0.34 0.310061 0.257417 0.66875 
0.32 0.232279 0.266422 0.743553 
0.32 0.180942 0.2619 0.824513 
0.36 0.229122 0.246225 0.824513 
0.36 0.253799 0.25356 0.772408 
0.42 0.360685 0.211599 0.66875 
0.36 0.210948 0.251307 0.824513 
0.44 0.31326 0.205224 0.824513 
0.24 0.157278 0.316785 0.820023 
0.34 0.32306 0.266397 0.68575 
0.3 0.167842 0.278553 0.824513 
0.3 0.160347 0.283584 0.824513 
0.38 0.296438 0.235719 0.709001 
0.34 0.221923 0.257096 0.757185 
0.38 0.211073 0.240827 0.861263 
0.36 0.222345 0.246362 0.824513 
0.36 0.30864 0.256895 0.66875 
0.3 0.293573 0.281963 0.66875 
0.32 0.274538 0.262686 0.709001 
0.32 0.16169 0.279806 0.824513 
0.32 0.216586 0.263853 0.824513 
0.36 0.208601 0.252561 0.752125 
0.36 0.195121 0.251292 0.861263 
0.24 0.146525 0.316475 0.824513 
0.2 0.121574 0.338322 0.825284 
0.24 0.12481 0.320041 0.825284 
0.32 0.196598 0.271337 0.772408 
0.28 0.159426 0.289464 0.824513 
0.34 0.219026 0.254258 0.861263 
0.2 0.13361 0.336213 0.824513 
0.18 0.132813 0.343467 0.824513 
0.18 0.132813 0.343467 0.824513 
0.22 0.12237 0.328098 0.825284 
0.32 0.157533 0.284531 0.861263 
0.2 0.128434 0.34529 0.851402 
0.24 0.140025 0.324729 0.824513 
0.24 0.138632 0.317344 0.861263 
0.22 0.126004 0.33272 0.93846 
0.3 0.153677 0.296794 0.824513 
0.28 0.150381 0.31203 0.824513 
0.2 0.125208 0.33812 0.93846 
0.2 0.128434 0.342526 0.851402 
0.14 0.106775 0.378966 0.904839 
0.22 0.122745 0.346854 0.93846 
0.34 0.347849 0.288044 0.68575 
0.2 0.137299 0.315559 0.825284 
0.42 0.438935 0.233263 0.68575 
0.42 0.452809 0.218394 0.68575 
0.48 0.454253 0.202002 0.68575 
0.42 0.402319 0.20536 0.700191 
0.48 0.439495 0.192057 0.700191 
0.46 0.452911 0.205107 0.68575 
0.52 0.441352 0.18134 0.858793 
0.52 0.534068 0.189361 0.858793 
0.24 0.138632 0.326282 0.851402 
0.34 0.285254 0.270902 0.711389 
0.24 0.163981 0.314471 0.820023 
0.22 0.147233 0.301938 0.825284 
0.38 0.329661 0.223213 0.700191 
0.42 0.363115 0.208734 0.66875 
0.38 0.293105 0.222798 0.824513 
0.4 0.336081 0.213672 0.824513 
0.44 0.386451 0.206168 0.861263 
0.22 0.146914 0.330541 0.824513 
0.3 0.293573 0.281963 0.66875 
0.28 0.168568 0.280847 0.824513 
0.34 0.203625 0.256079 0.752125 
0.3 0.182761 0.273347 0.824513 
0.36 0.2123 0.247522 0.824513 
0.38 0.25972 0.229112 0.831648 
0.34 0.210957 0.247663 0.824513 
0.24 0.150705 0.319568 0.824513 
0.3 0.304928 0.278146 0.66875 
0.26 0.180886 0.305757 0.752125 
0.26 0.145511 0.299381 0.824513 
0.36 0.315612 0.239589 0.66875 
0.26 0.163051 0.286579 0.824513 
0.24 0.146677 0.297342 0.93846 
0.16 0.11644 0.357999 0.825284 
0.26 0.18583 0.317257 0.824513 
0.2 0.121028 0.334846 0.825284 
0.3 0.171008 0.277184 0.824513 
0.24 0.143807 0.305099 0.824513 
0.3 0.158218 0.274251 0.93846 
0.2 0.136605 0.332494 0.824513 
0.2 0.13361 0.336213 0.824513 
0.24 0.170425 0.295373 0.772408 
0.2 0.125208 0.331189 0.824513 
0.28 0.156917 0.291289 0.882777 
0.16 0.11644 0.357999 0.825284 
0.2 0.141937 0.334702 0.824513 
0.24 0.140025 0.324729 0.824513 
0.22 0.126004 0.333205 0.93846 
0.2 0.13361 0.336213 0.824513 
0.18 0.129068 0.345687 0.858846 
0.16 0.11644 0.357537 0.93846 
0.18 0.118158 0.369714 0.904839 
0.16 0.113181 0.362952 0.93846 
0.16 0.111751 0.367728 0.93846 
0.32 0.309672 0.286982 0.68575 
0.3 0.326134 0.275225 0.66875 
0.28 0.257813 0.299024 0.772408 
0.28 0.228686 0.274872 0.817822 
0.28 0.241717 0.276972 0.817822 
0.46 0.406101 0.193471 0.700191 
0.4 0.381229 0.214274 0.700191 
0.46 0.460039 0.190349 0.66875 
0.42 0.411531 0.211338 0.709001 
0.2 0.134253 0.333984 0.824513 
0.26 0.22427 0.29301 0.743553 
0.22 0.145729 0.331145 0.825284 
0.24 0.158431 0.303661 0.851402 
0.2 0.137299 0.315559 0.825284 
0.22 0.145881 0.308365 0.825284 
0.36 0.328318 0.22547 0.700191 
0.36 0.250851 0.2336 0.824513 
0.28 0.185863 0.30224 0.752125 
0.22 0.150677 0.309673 0.824513 
0.22 0.166633 0.311274 0.772408 
0.24 0.170425 0.3003 0.772408 
0.28 0.177706 0.277502 0.851172 
0.28 0.166842 0.274826 0.824513 
0.22 0.147233 0.298777 0.93846 
0.2 0.136396 0.345384 0.851402 
0.18 0.132813 0.343467 0.824513 
0.24 0.150705 0.319568 0.824513 
0.24 0.149293 0.314955 0.851402 
0.22 0.153672 0.305953 0.824513 
0.24 0.140535 0.300248 0.825284 
0.3 0.304928 0.276422 0.66875 
0.32 0.197695 0.267702 0.772408 
0.22 0.166633 0.311274 0.772408 
0.26 0.15669 0.29434 0.851402 
0.24 0.190751 0.30181 0.862805 
0.22 0.146914 0.330541 0.824513 
0.2 0.136396 0.339738 0.851402 
0.16 0.113181 0.362952 0.93846 
0.14 0.106775 0.378966 0.904839 
0.2 0.138081 0.33734 0.851402 
0.16 0.11644 0.357999 0.825284 
0.16 0.113181 0.362952 0.93846 
0.2 0.121949 0.351086 0.93846 
0.14 0.106775 0.378966 0.904839 
0.18 0.127638 0.353226 0.858846 
0.3 0.223368 0.275909 0.772408 
0.2 0.18159 0.339497 0.824513 
0.16 0.11644 0.364013 0.825284 
0.24 0.163981 0.304001 0.824513 
0.24 0.170425 0.295373 0.772408 
0.24 0.170425 0.295373 0.772408 
0.38 0.354366 0.218229 0.66875 
0.36 0.346418 0.222693 0.816218 
0.26 0.175322 0.317952 0.772408 
0.24 0.163981 0.304001 0.824513 
0.24 0.15907 0.305841 0.772408 
0.32 0.311237 0.275195 0.66875 
0.38 0.329661 0.224187 0.66875 
0.24 0.167448 0.299505 0.820023 
0.24 0.188867 0.286328 0.93846 
0.28 0.182771 0.305663 0.752125 
0.24 0.154468 0.298699 0.824513 
0.3 0.304928 0.276422 0.66875 
0.26 0.180886 0.305757 0.752125 
0.18 0.13142 0.338328 0.851402 
0.2 0.137299 0.316715 0.93846 
0.24 0.161842 0.316346 0.772408 
0.2 0.141937 0.33584 0.825284 
0.22 0.14571 0.315404 0.824513 
0.16 0.11644 0.364013 0.825284 
0.22 0.142919 0.327242 0.93846 
0.16 0.127629 0.354228 0.851402 
0.28 0.156838 0.305505 0.820023 
0.16 0.11644 0.357999 0.825284 
0.18 0.128818 0.352858 0.93846 
0.22 0.137836 0.330208 0.861263 
0.16 0.11644 0.357999 0.825284 
0.16 0.11644 0.354912 0.93846 
0.16 0.127629 0.354228 0.851402 
0.18 0.115542 0.356755 0.93846 
0.16 0.111751 0.367728 0.93846 
0.18 0.142099 0.349156 0.851402 
0.26 0.247096 0.296387 0.743553 
0.26 0.192242 0.300217 0.752125 
0.28 0.224085 0.296268 0.772408 
0.3 0.304673 0.267382 0.700191 
0.26 0.184516 0.292962 0.825284 
0.22 0.177192 0.297725 0.93846 
0.22 0.139229 0.331983 0.824513 
0.22 0.159005 0.311797 0.824513 
0.22 0.146914 0.330541 0.824513 
0.22 0.166633 0.311556 0.772408 
0.16 0.11644 0.364013 0.825284 
0.18 0.139729 0.330276 0.862805 
0.2 0.141937 0.34514 0.851172 
0.18 0.130068 0.345638 0.851402 
0.18 0.120231 0.347026 0.825284 
0.22 0.148497 0.315785 0.862805 
0.18 0.133508 0.338798 0.93846 
0.24 0.161842 0.316346 0.772408 
0.18 0.127638 0.349474 0.861263 
0.18 0.129068 0.345428 0.858846 
0.2 0.13261 0.342781 0.93846 
0.2 0.136396 0.342363 0.851402 
0.14 0.106775 0.378966 0.904839 
0.16 0.11644 0.360559 0.93846 
0.16 0.113181 0.362952 0.93846 
0.2 0.147275 0.350021 0.93846 
0.14 0.106775 0.378966 0.904839 
0.3 0.326134 0.275225 0.66875 
0.16 0.11644 0.355029 0.825284 
0.22 0.166633 0.311274 0.772408 
0.24 0.181521 0.30559 0.772408 
0.3 0.304928 0.276422 0.66875 
0.18 0.133508 0.327689 0.93846 
0.3 0.293573 0.281963 0.66875 
0.24 0.188705 0.324408 0.825284 
0.16 0.127629 0.354228 0.851402 
0.16 0.127629 0.354228 0.851402 
0.18 0.133508 0.330923 0.93846 
0.16 0.11644 0.364013 0.825284 
0.18 0.138248 0.351287 0.851402 
0.18 0.13142 0.343255 0.851402 
0.16 0.123842 0.352235 0.93846 
0.16 0.127629 0.354228 0.851402 
0.2 0.136396 0.339738 0.851402 
0.16 0.11644 0.354229 0.93846 
0.14 0.106775 0.378966 0.904839 
0.2 0.121949 0.349144 0.93846 
0.22 0.146455 0.34771 0.93846 
0.2 0.170402 0.341941 0.824513 
0.22 0.166633 0.311274 0.772408 
0.18 0.144696 0.339296 0.851402 
0.16 0.135031 0.351624 0.904839 
0.16 0.11644 0.354229 0.93846 
0.16 0.127629 0.354228 0.851402 
0.18 0.139729 0.336699 0.851402 
0.16 0.127629 0.354228 0.851402 
0.14 0.106775 0.378966 0.904839 
0.16 0.127629 0.354228 0.851402 
0.18 0.132605 0.353733 0.851402 
0.16 0.11644 0.354229 0.93846 
0.14 0.106775 0.378966 0.904839 
0.16 0.123842 0.352235 0.93846 
0.16 0.111751 0.367728 0.93846 
0.18 0.153931 0.350353 0.854734 
0.18 0.17148 0.350754 0.904839 
0.14 0.106775 0.378966 0.904839 
0.18 0.163736 0.337562 0.93846 
0.18 0.129068 0.344745 0.851402 
0.2 0.147682 0.344751 0.851402 
0.2 0.131239 0.343544 0.93846 
0.16 0.131341 0.360606 0.858846 
0.18 0.139729 0.334028 0.862805 
0.16 0.123842 0.352235 0.93846 
0.18 0.170615 0.338374 0.851402 
0.16 0.11644 0.366638 0.825284 
0.16 0.11644 0.364013 0.825284 
0.16 0.127629 0.357536 0.858846 
0.16 0.123842 0.351625 0.93846 
0.16 0.113181 0.362952 0.93846 
0.16 0.135031 0.356375 0.904839 
0.18 0.142488 0.341055 0.93846 
0.16 0.11644 0.354229 0.93846 
0.18 0.168388 0.354905 0.93846 
0.38 0.35532 0.258527 0.68125 
0.48 0.442898 0.204601 0.68575 

