0.38 0.37529 0.246286 0.68125 
0.44 0.366782 0.219659 0.68125 
0.46 0.423988 0.20753 0.757185 
0.46 0.452911 0.205107 0.68575 
0.5 0.508103 0.196721 0.66875 
0.48 0.485319 0.204687 0.68575 
0.46 0.451813 0.208123 0.68575 
0.48 0.472464 0.19289 0.66875 
0.5 0.527407 0.19201 0.700191 
0.52 0.540928 0.190414 0.66875 
0.5 0.483157 0.191683 0.835783 
0.28 0.195894 0.295543 0.824513 
0.38 0.337956 0.247557 0.68125 
0.38 0.348307 0.2354 0.68125 
0.44 0.363125 0.206556 0.66875 
0.44 0.385011 0.202581 0.66875 
0.42 0.296887 0.213694 0.824513 
0.46 0.43308 0.203506 0.66875 
0.48 0.477667 0.202778 0.66875 
0.46 0.42215 0.202537 0.66875 
0.5 0.436061 0.189659 0.861263 
0.3 0.293573 0.281963 0.66875 
0.28 0.182359 0.282007 0.820023 
0.34 0.332059 0.256436 0.68125 
0.32 0.169184 0.274776 0.824513 
0.42 0.360685 0.207119 0.700191 
0.4 0.325712 0.226279 0.66875 
0.42 0.360685 0.209408 0.700191 
0.42 0.368314 0.20914 0.709001 
0.48 0.422474 0.185925 0.858793 
0.24 0.140025 0.323213 0.824513 
0.34 0.187682 0.270138 0.772408 
0.34 0.298706 0.262958 0.66875 
0.3 0.167842 0.278553 0.824513 
0.34 0.187895 0.261453 0.824513 
0.38 0.214739 0.242196 0.824513 
0.4 0.226145 0.234672 0.824513 
0.36 0.2123 0.243886 0.824513 
0.16 0.11644 0.357999 0.825284 
0.34 0.298706 0.269609 0.66875 
0.22 0.126004 0.323935 0.824513 
0.34 0.205536 0.26775 0.824513 
0.32 0.166708 0.268962 0.824513 
0.3 0.160755 0.275407 0.824513 
0.34 0.196723 0.255378 0.93846 
0.28 0.179072 0.306763 0.824513 
0.22 0.146914 0.330541 0.824513 
0.3 0.15619 0.292096 0.824513 
0.22 0.131614 0.318945 0.824513 
0.24 0.145451 0.303763 0.824513 
0.28 0.159292 0.278459 0.93846 
0.26 0.161597 0.311708 0.772408 
0.26 0.142465 0.314172 0.824513 
0.32 0.18634 0.273243 0.772408 
0.2 0.125208 0.339086 0.824513 
0.2 0.137299 0.311789 0.93846 
0.2 0.123856 0.349075 0.824513 
0.22 0.140271 0.330298 0.824513 
0.28 0.145159 0.310137 0.824513 
0.22 0.126004 0.320638 0.93846 
0.18 0.151695 0.352522 0.825284 
0.22 0.135049 0.326989 0.824513 
0.2 0.117769 0.34845 0.904839 
0.24 0.139178 0.32715 0.851402 
0.22 0.122745 0.343833 0.93846 
0.24 0.124087 0.33743 0.93846 
0.3 0.293573 0.281963 0.66875 
0.36 0.375707 0.253643 0.68575 
0.28 0.249508 0.269248 0.817822 
0.44 0.419771 0.209183 0.68125 
0.4 0.40774 0.217301 0.816218 
0.42 0.435519 0.209948 0.700191 
0.46 0.4058 0.202651 0.700191 
0.42 0.435519 0.209948 0.700191 
0.44 0.394079 0.203606 0.700191 
0.5 0.478116 0.199824 0.824513 
0.26 0.157435 0.306195 0.820023 
0.26 0.167772 0.298571 0.820023 
0.28 0.211374 0.268902 0.817822 
0.26 0.180359 0.281753 0.772408 
0.38 0.343349 0.245782 0.700191 
0.36 0.213397 0.242337 0.824513 
0.36 0.307622 0.226251 0.817822 
0.4 0.336081 0.215275 0.824513 
0.42 0.400967 0.209622 0.861263 
0.24 0.196926 0.342241 0.824513 
0.28 0.189733 0.295436 0.824513 
0.28 0.196324 0.295408 0.820023 
0.28 0.228062 0.27711 0.743553 
0.38 0.330758 0.222295 0.66875 
0.3 0.187103 0.269108 0.824513 
0.32 0.194061 0.266294 0.772408 
0.34 0.222354 0.242718 0.824513 
0.22 0.161671 0.345094 0.824513 
0.2 0.162893 0.340975 0.861263 
0.28 0.228062 0.27711 0.743553 
0.22 0.153672 0.301026 0.824513 
0.3 0.168281 0.272997 0.824513 
0.24 0.148029 0.294685 0.825284 
0.3 0.18546 0.267181 0.824513 
0.3 0.293573 0.281963 0.66875 
0.2 0.13361 0.336213 0.824513 
0.24 0.180984 0.318251 0.824513 
0.28 0.168568 0.280847 0.824513 
0.3 0.223757 0.27954 0.824513 
0.3 0.163217 0.2737 0.861263 
0.24 0.196926 0.339617 0.824513 
0.22 0.146914 0.333563 0.851172 
0.2 0.155487 0.336622 0.825284 
0.22 0.156283 0.329369 0.825284 
0.22 0.127434 0.320789 0.93846 
0.24 0.15907 0.305841 0.772408 
0.22 0.148497 0.315785 0.862805 
0.18 0.132813 0.343467 0.824513 
0.16 0.11644 0.354229 0.93846 
0.16 0.11644 0.357999 0.825284 
0.2 0.129865 0.33775 0.851402 
0.22 0.135049 0.338587 0.900236 
0.22 0.137836 0.331196 0.858846 
0.2 0.134253 0.346524 0.900236 
0.16 0.111751 0.371036 0.93846 
0.22 0.201787 0.312117 0.817822 
0.22 0.171601 0.307909 0.817822 
0.36 0.392501 0.252441 0.68125 
0.42 0.42271 0.231041 0.68575 
0.36 0.338387 0.249392 0.68125 
0.4 0.359343 0.209941 0.700191 
0.4 0.359343 0.212883 0.700191 
0.44 0.447851 0.199993 0.700191 
0.44 0.439352 0.207403 0.858793 
0.26 0.176753 0.307197 0.824513 
0.24 0.15907 0.305841 0.772408 
0.22 0.166633 0.311556 0.772408 
0.28 0.266358 0.297146 0.743553 
0.28 0.250633 0.271729 0.743553 
0.26 0.198861 0.281928 0.824513 
0.38 0.330758 0.224907 0.66875 
0.34 0.249754 0.254343 0.824513 
0.24 0.142377 0.321723 0.824513 
0.22 0.137836 0.327186 0.861263 
0.3 0.293573 0.281963 0.66875 
0.16 0.11644 0.357999 0.825284 
0.28 0.171443 0.28225 0.772408 
0.28 0.182798 0.27671 0.772408 
0.3 0.166796 0.269351 0.93846 
0.22 0.166633 0.311274 0.772408 
0.26 0.164046 0.302324 0.772408 
0.22 0.166633 0.311274 0.772408 
0.18 0.120231 0.342099 0.825284 
0.28 0.189733 0.290509 0.824513 
0.28 0.185724 0.280111 0.93846 
0.22 0.1693 0.332681 0.861263 
0.2 0.13361 0.338838 0.824513 
0.28 0.173966 0.293387 0.772408 
0.2 0.148742 0.324108 0.851402 
0.16 0.11644 0.355029 0.825284 
0.22 0.17366 0.343938 0.824513 
0.16 0.127629 0.354228 0.851402 
0.22 0.12237 0.343224 0.896643 
0.18 0.120231 0.345881 0.93846 
0.16 0.11644 0.357999 0.825284 
0.22 0.137836 0.330255 0.851402 
0.2 0.131638 0.347065 0.900236 
0.14 0.106775 0.378966 0.904839 
0.16 0.11644 0.354229 0.93846 
0.22 0.1693 0.332681 0.861263 
0.16 0.11644 0.357999 0.825284 
0.24 0.16194 0.307802 0.820023 
0.3 0.304928 0.276422 0.66875 
0.26 0.165323 0.300223 0.824513 
0.28 0.177706 0.27448 0.824513 
0.42 0.361782 0.206766 0.66875 
0.38 0.320361 0.217246 0.709001 
0.36 0.337901 0.224934 0.816218 
0.22 0.166633 0.311274 0.772408 
0.24 0.163981 0.304001 0.824513 
0.22 0.187168 0.313609 0.824513 
0.26 0.246842 0.287346 0.743553 
0.26 0.167772 0.288101 0.824513 
0.38 0.330758 0.222295 0.66875 
0.26 0.195001 0.274522 0.93846 
0.18 0.117236 0.35676 0.825284 
0.16 0.11644 0.364013 0.825284 
0.24 0.127601 0.334384 0.824513 
0.24 0.180984 0.318251 0.824513 
0.24 0.179655 0.311265 0.824513 
0.18 0.139729 0.331792 0.862805 
0.22 0.140271 0.331814 0.824513 
0.16 0.11644 0.357999 0.825284 
0.26 0.18596 0.314091 0.824513 
0.18 0.121417 0.350059 0.824513 
0.18 0.120231 0.343256 0.93846 
0.22 0.137836 0.327186 0.861263 
0.18 0.121417 0.350059 0.824513 
0.18 0.162884 0.349434 0.858846 
0.18 0.128818 0.352858 0.93846 
0.16 0.11644 0.357999 0.825284 
0.2 0.131429 0.338807 0.851402 
0.16 0.11644 0.354229 0.93846 
0.18 0.128425 0.346975 0.851402 
0.18 0.147006 0.365558 0.93846 
0.18 0.147006 0.36225 0.93846 
0.26 0.205735 0.31897 0.876444 
0.22 0.166633 0.311274 0.772408 
0.16 0.11644 0.355029 0.825284 
0.18 0.13816 0.342844 0.825284 
0.2 0.141937 0.334702 0.824513 
0.18 0.139729 0.329666 0.861263 
0.2 0.148487 0.311787 0.851402 
0.22 0.168078 0.334799 0.824513 
0.24 0.173471 0.338904 0.876444 
0.24 0.181136 0.313498 0.772408 
0.2 0.123014 0.35261 0.824513 
0.18 0.133508 0.331459 0.825284 
0.22 0.161264 0.31289 0.861263 
0.16 0.11644 0.357999 0.825284 
0.24 0.182169 0.325064 0.824513 
0.18 0.144951 0.336987 0.851402 
0.22 0.166633 0.311274 0.772408 
0.2 0.14352 0.318693 0.861263 
0.16 0.127629 0.355745 0.851402 
0.18 0.11888 0.353005 0.861263 
0.16 0.127629 0.354228 0.851402 
0.16 0.11644 0.356854 0.93846 
0.16 0.11644 0.364013 0.825284 
0.18 0.116973 0.351979 0.93846 
0.16 0.11644 0.354229 0.93846 
0.22 0.143965 0.332245 0.851402 
0.16 0.11644 0.357251 0.93846 
0.18 0.128818 0.353335 0.93846 
0.24 0.211707 0.312423 0.772408 
0.26 0.227349 0.294088 0.817822 
0.3 0.248462 0.287227 0.743553 
0.2 0.179951 0.32221 0.851402 
0.2 0.13485 0.327681 0.825284 
0.18 0.133508 0.345665 0.93846 
0.24 0.149149 0.323305 0.824513 
0.32 0.297364 0.27099 0.66875 
0.24 0.160255 0.314813 0.772408 
0.18 0.162884 0.348751 0.851402 
0.18 0.117783 0.354222 0.825284 
0.2 0.141937 0.334702 0.824513 
0.16 0.11644 0.355029 0.825284 
0.18 0.151695 0.352522 0.825284 
0.18 0.151695 0.348752 0.93846 
0.22 0.135387 0.339639 0.851402 
0.18 0.129068 0.345004 0.851402 
0.16 0.11644 0.354229 0.93846 
0.2 0.132781 0.353683 0.851402 
0.16 0.111751 0.367728 0.93846 
0.18 0.116973 0.354603 0.93846 
0.24 0.15907 0.305841 0.772408 
0.2 0.141937 0.337724 0.851172 
0.3 0.304928 0.276422 0.66875 
0.18 0.151695 0.352522 0.825284 
0.16 0.135031 0.351624 0.904839 
0.24 0.15907 0.305841 0.772408 
0.18 0.126805 0.357635 0.900236 
0.2 0.181984 0.32437 0.851402 
0.16 0.11644 0.354229 0.93846 
0.16 0.11644 0.357999 0.825284 
0.18 0.128971 0.350451 0.851402 
0.2 0.125208 0.344901 0.93846 
0.18 0.118158 0.370151 0.904839 
0.18 0.118158 0.363575 0.93846 
0.2 0.153413 0.358575 0.93846 
0.18 0.149348 0.335214 0.851402 
0.2 0.196602 0.321363 0.851402 
0.16 0.127629 0.354228 0.851402 
0.2 0.174984 0.325705 0.861263 
0.2 0.141937 0.334702 0.824513 
0.18 0.169883 0.34518 0.851402 
0.2 0.147974 0.360201 0.93846 
0.18 0.129068 0.345004 0.851402 
0.22 0.139748 0.356678 0.904839 
0.14 0.106775 0.378966 0.904839 
0.16 0.135031 0.356242 0.904839 
0.18 0.162884 0.348751 0.851402 
0.16 0.111751 0.371025 0.904839 
0.18 0.136318 0.357921 0.851402 
0.16 0.110566 0.367993 0.904839 
0.18 0.121417 0.354853 0.93846 
0.2 0.165092 0.357838 0.904839 
0.16 0.128494 0.358869 0.93846 
0.16 0.11644 0.354229 0.93846 
0.16 0.123842 0.351625 0.93846 
0.38 0.415808 0.287789 0.69307 
0.42 0.402648 0.228732 0.68125 

