0.44 0.461511 0.20437 0.68575 
0.46 0.385164 0.204847 0.66875 
0.48 0.456197 0.217768 0.681392 
0.48 0.496299 0.190438 0.66875 
0.48 0.455544 0.195518 0.66875 
0.5 0.474223 0.186322 0.66875 
0.5 0.476436 0.18853 0.66875 
0.5 0.453017 0.187519 0.66875 
0.5 0.498322 0.192863 0.66875 
0.46 0.473019 0.206926 0.68575 
0.52 0.459424 0.184071 0.861263 
0.26 0.18253 0.313123 0.820023 
0.36 0.323611 0.25341 0.66875 
0.4 0.336507 0.239989 0.68575 
0.4 0.339604 0.22511 0.66875 
0.38 0.228251 0.23672 0.824513 
0.44 0.363125 0.203332 0.66875 
0.44 0.425548 0.197443 0.66875 
0.48 0.419623 0.191874 0.66875 
0.48 0.441509 0.196207 0.66875 
0.48 0.427529 0.194935 0.858793 
0.3 0.304928 0.276422 0.66875 
0.32 0.297364 0.266063 0.66875 
0.34 0.187682 0.264587 0.772408 
0.32 0.184909 0.259667 0.824513 
0.36 0.229631 0.245127 0.752125 
0.34 0.186252 0.255889 0.824513 
0.36 0.238222 0.243169 0.772408 
0.36 0.2123 0.243886 0.824513 
0.44 0.40231 0.203575 0.861263 
0.16 0.11644 0.357999 0.825284 
0.24 0.150705 0.314641 0.824513 
0.3 0.226548 0.264468 0.743553 
0.32 0.185705 0.260397 0.824513 
0.34 0.186252 0.255889 0.824513 
0.34 0.214605 0.24879 0.772408 
0.36 0.215415 0.252282 0.824513 
0.38 0.234681 0.238803 0.861263 
0.3 0.293573 0.281963 0.66875 
0.22 0.137401 0.320313 0.824513 
0.28 0.157908 0.292174 0.824513 
0.3 0.171008 0.272257 0.824513 
0.28 0.153283 0.288067 0.824513 
0.36 0.18452 0.261427 0.824513 
0.34 0.192681 0.253596 0.861263 
0.24 0.140572 0.329613 0.824513 
0.28 0.153941 0.298798 0.824513 
0.32 0.308719 0.260522 0.66875 
0.28 0.154936 0.306386 0.824513 
0.26 0.151941 0.290914 0.824513 
0.3 0.165698 0.270899 0.93846 
0.16 0.11644 0.364013 0.825284 
0.26 0.147867 0.307771 0.824513 
0.28 0.145159 0.30937 0.824513 
0.26 0.146247 0.296509 0.824513 
0.24 0.130952 0.320105 0.93846 
0.16 0.11644 0.357999 0.825284 
0.22 0.135049 0.328982 0.824513 
0.28 0.145159 0.309394 0.824513 
0.22 0.122745 0.341443 0.93846 
0.26 0.149052 0.31951 0.824513 
0.26 0.138623 0.324998 0.851402 
0.22 0.133656 0.327012 0.851402 
0.2 0.122213 0.342805 0.824513 
0.22 0.122745 0.343833 0.93846 
0.2 0.128643 0.345623 0.900236 
0.32 0.297364 0.27099 0.66875 
0.42 0.391145 0.237127 0.66875 
0.28 0.213688 0.288017 0.817822 
0.4 0.402435 0.212803 0.66875 
0.38 0.361787 0.222579 0.817822 
0.48 0.439495 0.192057 0.700191 
0.44 0.440722 0.214693 0.66875 
0.46 0.470797 0.222653 0.757185 
0.5 0.453017 0.187519 0.66875 
0.48 0.49367 0.184999 0.861263 
0.3 0.304928 0.276422 0.66875 
0.3 0.293573 0.281963 0.66875 
0.26 0.167772 0.298571 0.820023 
0.32 0.231904 0.254176 0.772408 
0.3 0.199426 0.262838 0.817822 
0.34 0.253137 0.249842 0.817822 
0.46 0.348608 0.1994 0.824513 
0.4 0.336081 0.215275 0.824513 
0.46 0.348608 0.19935 0.861263 
0.26 0.18153 0.296998 0.772408 
0.26 0.163967 0.323969 0.772408 
0.16 0.11644 0.357999 0.825284 
0.24 0.15907 0.300914 0.772408 
0.26 0.156908 0.285183 0.824513 
0.38 0.296753 0.224254 0.709001 
0.36 0.2123 0.243886 0.824513 
0.4 0.226145 0.232741 0.861263 
0.26 0.164046 0.302324 0.772408 
0.24 0.170165 0.31113 0.772408 
0.32 0.297364 0.27099 0.66875 
0.38 0.329661 0.225034 0.66875 
0.22 0.153672 0.301026 0.824513 
0.22 0.145881 0.308365 0.825284 
0.28 0.169457 0.279019 0.824513 
0.3 0.176419 0.28218 0.772408 
0.26 0.18153 0.29882 0.772408 
0.26 0.151501 0.307388 0.824513 
0.24 0.162796 0.292261 0.824513 
0.28 0.173966 0.293622 0.772408 
0.26 0.146941 0.288386 0.93846 
0.32 0.197695 0.267702 0.772408 
0.3 0.304928 0.276422 0.66875 
0.24 0.173198 0.310805 0.772408 
0.16 0.113181 0.362952 0.93846 
0.22 0.123467 0.326743 0.900236 
0.24 0.160255 0.31529 0.772408 
0.22 0.138586 0.332696 0.824513 
0.2 0.118954 0.352181 0.93846 
0.14 0.106775 0.378966 0.904839 
0.2 0.144705 0.32978 0.862805 
0.16 0.113181 0.362952 0.93846 
0.2 0.118954 0.359968 0.93846 
0.2 0.11389 0.359994 0.904839 
0.2 0.144914 0.338769 0.900236 
0.18 0.128818 0.354364 0.93846 
0.34 0.34091 0.252106 0.66875 
0.32 0.33111 0.271699 0.66875 
0.34 0.333142 0.255596 0.68575 
0.34 0.328453 0.263145 0.68125 
0.4 0.356806 0.210291 0.66875 
0.38 0.354366 0.216135 0.66875 
0.42 0.423525 0.203043 0.66875 
0.44 0.426645 0.197646 0.66875 
0.42 0.44406 0.209815 0.861263 
0.24 0.168633 0.320511 0.820023 
0.22 0.166633 0.311274 0.772408 
0.18 0.117236 0.349769 0.825284 
0.36 0.343076 0.238357 0.68575 
0.3 0.192718 0.265669 0.772408 
0.26 0.180359 0.281753 0.772408 
0.28 0.196061 0.27029 0.817822 
0.3 0.220498 0.255841 0.831648 
0.36 0.312274 0.255152 0.66875 
0.24 0.1927 0.316903 0.824513 
0.26 0.164777 0.29874 0.824513 
0.2 0.134156 0.339689 0.824513 
0.38 0.323004 0.233097 0.66875 
0.28 0.211374 0.268136 0.817822 
0.26 0.158084 0.289552 0.861263 
0.2 0.139475 0.337552 0.824513 
0.22 0.146914 0.330541 0.824513 
0.24 0.163981 0.304001 0.824513 
0.22 0.141581 0.324049 0.824513 
0.26 0.180345 0.291599 0.772408 
0.22 0.138641 0.311736 0.900236 
0.32 0.194339 0.278796 0.772408 
0.2 0.139475 0.337552 0.824513 
0.24 0.160255 0.313297 0.772408 
0.24 0.150686 0.314138 0.824513 
0.2 0.138484 0.326796 0.93846 
0.3 0.304928 0.276422 0.66875 
0.16 0.11644 0.357999 0.825284 
0.16 0.113181 0.362952 0.93846 
0.14 0.106775 0.378966 0.904839 
0.18 0.13429 0.350938 0.851402 
0.16 0.117139 0.368134 0.904839 
0.18 0.118158 0.363575 0.93846 
0.16 0.127629 0.354911 0.858846 
0.2 0.147284 0.336804 0.93846 
0.2 0.121949 0.351769 0.93846 
0.24 0.168633 0.320229 0.820023 
0.32 0.294915 0.278858 0.66875 
0.26 0.207379 0.304899 0.772408 
0.24 0.192681 0.301263 0.772408 
0.36 0.344567 0.237822 0.66875 
0.26 0.215285 0.276924 0.817822 
0.34 0.280648 0.240099 0.817822 
0.32 0.293522 0.238894 0.817822 
0.26 0.183326 0.304414 0.817822 
0.3 0.259938 0.28806 0.743553 
0.2 0.149881 0.316926 0.824513 
0.24 0.181521 0.309731 0.772408 
0.22 0.153672 0.301026 0.824513 
0.24 0.162796 0.292261 0.824513 
0.24 0.15364 0.293424 0.93846 
0.22 0.146914 0.330541 0.824513 
0.22 0.155278 0.316814 0.772408 
0.2 0.141937 0.334702 0.824513 
0.22 0.123555 0.339028 0.824513 
0.26 0.164046 0.297397 0.772408 
0.2 0.137299 0.311789 0.93846 
0.22 0.142733 0.331084 0.824513 
0.16 0.11644 0.364013 0.825284 
0.2 0.149672 0.331957 0.851402 
0.18 0.129068 0.344745 0.851402 
0.18 0.133508 0.330291 0.93846 
0.22 0.146914 0.330541 0.824513 
0.16 0.11644 0.357999 0.825284 
0.2 0.133401 0.343457 0.851402 
0.22 0.148497 0.315785 0.862805 
0.18 0.128425 0.354761 0.851402 
0.16 0.127629 0.357536 0.858846 
0.18 0.118158 0.367221 0.93846 
0.18 0.132605 0.358497 0.851402 
0.16 0.113181 0.362952 0.93846 
0.2 0.13261 0.345531 0.93846 
0.18 0.132813 0.343467 0.824513 
0.3 0.326134 0.275225 0.66875 
0.24 0.197098 0.314848 0.820023 
0.22 0.146914 0.330541 0.824513 
0.28 0.222757 0.280368 0.743553 
0.22 0.166633 0.311274 0.772408 
0.26 0.247388 0.278891 0.861263 
0.18 0.132813 0.343467 0.824513 
0.22 0.153927 0.315252 0.824513 
0.24 0.157278 0.325769 0.820023 
0.32 0.303507 0.269651 0.66875 
0.22 0.166633 0.311274 0.772408 
0.16 0.11644 0.354229 0.93846 
0.24 0.153644 0.320804 0.820023 
0.24 0.160255 0.31529 0.772408 
0.22 0.136572 0.344342 0.851402 
0.18 0.144696 0.331829 0.851402 
0.18 0.139729 0.331792 0.862805 
0.2 0.134045 0.341486 0.851402 
0.16 0.127629 0.354228 0.851402 
0.18 0.129068 0.345428 0.858846 
0.16 0.123842 0.352235 0.93846 
0.2 0.134045 0.346648 0.851402 
0.16 0.11644 0.357954 0.900236 
0.16 0.11644 0.354229 0.93846 
0.18 0.132605 0.354852 0.851402 
0.16 0.113181 0.367776 0.93846 
0.18 0.128818 0.356504 0.93846 
0.32 0.297364 0.27099 0.66875 
0.2 0.170402 0.345722 0.825284 
0.3 0.197685 0.277097 0.772408 
0.22 0.159005 0.308161 0.824513 
0.18 0.133508 0.331459 0.825284 
0.18 0.139729 0.331183 0.861263 
0.16 0.11644 0.357999 0.825284 
0.2 0.141937 0.334702 0.824513 
0.18 0.149348 0.343916 0.851402 
0.18 0.149348 0.334932 0.851402 
0.18 0.127633 0.348439 0.93846 
0.2 0.138081 0.33734 0.851402 
0.2 0.149672 0.340941 0.851402 
0.16 0.127629 0.354228 0.851402 
0.16 0.11644 0.354229 0.93846 
0.16 0.127629 0.354228 0.851402 
0.2 0.130161 0.352726 0.93846 
0.16 0.11644 0.354229 0.93846 
0.18 0.113978 0.355698 0.93846 
0.16 0.113181 0.363635 0.93846 
0.14 0.106775 0.378966 0.904839 
0.3 0.31507 0.277479 0.743553 
0.16 0.128494 0.372254 0.904839 
0.3 0.304928 0.276422 0.66875 
0.18 0.143474 0.355682 0.904839 
0.16 0.128494 0.358869 0.93846 
0.2 0.141937 0.342118 0.825284 
0.16 0.135031 0.357395 0.904839 
0.18 0.144381 0.340663 0.851402 
0.16 0.123842 0.356376 0.93846 
0.16 0.11644 0.355029 0.825284 
0.14 0.106775 0.378966 0.904839 
0.16 0.123842 0.351625 0.93846 
0.18 0.128971 0.350451 0.851402 
0.16 0.113181 0.362952 0.93846 
0.22 0.137836 0.333535 0.851402 
0.18 0.153061 0.338001 0.851402 
0.18 0.182669 0.344006 0.904839 
0.24 0.168633 0.320229 0.820023 
0.18 0.18945 0.339252 0.904839 
0.24 0.145506 0.342283 0.851402 
0.16 0.128328 0.372195 0.904839 
0.2 0.136817 0.33664 0.882777 
0.16 0.127629 0.354228 0.851402 
0.18 0.118482 0.360632 0.93846 
0.16 0.113181 0.362952 0.93846 
0.18 0.149348 0.343916 0.851402 
0.16 0.127629 0.362015 0.851402 
0.18 0.139729 0.338581 0.851402 
0.2 0.136396 0.347524 0.882777 
0.14 0.106775 0.378966 0.904839 
0.16 0.113181 0.371421 0.93846 
0.18 0.162643 0.373359 0.904839 
0.16 0.107571 0.371712 0.904839 
0.14 0.106775 0.378966 0.904839 
0.16 0.123842 0.351625 0.93846 
0.38 0.362421 0.262951 0.68125 
0.42 0.400967 0.213091 0.66875 

