0.16 0.0577243 0.308285 0.750082 
0.08 0.0210601 0.345945 0.758836 
0.16 0.123752 0.312239 0.696636 
0.16 0.0738193 0.300138 0.733673 
0.12 0.099264 0.334418 0.705902 
0.04 0.00596839 0.365646 0.774702 
0.06 0.0274896 0.346823 0.824608 
0.12 0.066758 0.313269 0.769655 
0.26 0.154341 0.278958 0.676038 
0.3 0.294458 0.251717 0.795023 
0.14 0.10203 0.304184 0.769655 
0.08 0.0260679 0.340448 0.774702 
0.16 0.0871009 0.333984 0.688926 
0.12 0.0695586 0.330346 0.726185 
0.12 0.0399771 0.322359 0.774702 
0.24 0.199954 0.283305 0.670883 
0.14 0.0541979 0.313876 0.769655 
0.2 0.1072 0.317464 0.688926 
0.08 0.0396142 0.332545 0.769655 
0.14 0.0992981 0.314093 0.733673 
0.1 0.0331848 0.341809 0.758836 
0.16 0.0813076 0.314107 0.705942 
0.12 0.0470811 0.320401 0.774702 
0.1 0.0833995 0.340696 0.748609 
0.12 0.0317631 0.333975 0.774702 
0.12 0.0828616 0.312843 0.769655 
0.32 0.222504 0.248679 0.82265 
0.18 0.137431 0.293317 0.769655 
0.08 0.0354645 0.34463 0.76897 
0.18 0.0935731 0.294488 0.769655 
0.04 0.00596839 0.364288 0.824608 
0.14 0.0762699 0.31059 0.758836 
0.2 0.0925527 0.289902 0.77513 
0.12 0.0231136 0.33908 0.836582 
0.08 0.0145069 0.354984 0.821204 
0.16 0.131774 0.299755 0.769655 
0.1 0.0247018 0.342239 0.774702 
0.1 0.0255599 0.340375 0.79729 
0.1 0.0740029 0.35318 0.748609 
0.1 0.0151387 0.349591 0.836582 
0.06 0.018093 0.35001 0.774702 
0.34 0.26237 0.246412 0.677047 
0.06 0.00745835 0.360924 0.774702 
0.22 0.100703 0.295219 0.733673 
0.14 0.114693 0.319264 0.722227 
0.12 0.0472946 0.333104 0.733673 
0.08 0.00802189 0.3612 0.769655 
0.14 0.054928 0.325653 0.750412 
0.1 0.0475892 0.321175 0.769655 
0.26 0.154341 0.278958 0.676038 
0.14 0.0541979 0.313876 0.769655 
0.1 0.0833995 0.340696 0.748609 
0.08 0.0260679 0.340448 0.774702 
0.2 0.1072 0.317464 0.688926 
0.1 0.0151387 0.349591 0.836582 
0.12 0.0472946 0.333104 0.733673 
0.32 0.222504 0.248679 0.82265 
0.1 0.0740029 0.35318 0.748609 
0.12 0.0470811 0.320401 0.774702 
0.16 0.0577243 0.308285 0.750082 
0.12 0.066758 0.313269 0.769655 
0.06 0.00745835 0.360924 0.774702 
0.14 0.0762699 0.31059 0.758836 
0.1 0.0331848 0.341809 0.758836 
0.14 0.0992981 0.314093 0.733673 
0.08 0.0354645 0.34463 0.76897 
0.14 0.054928 0.325653 0.750412 
0.08 0.0145069 0.354984 0.821204 
0.22 0.100703 0.295219 0.733673 
0.12 0.099264 0.334418 0.705902 
0.04 0.00596839 0.364288 0.824608 
0.16 0.0871009 0.333984 0.688926 
0.04 0.00596839 0.365646 0.774702 
0.16 0.0813076 0.314107 0.705942 
0.12 0.0695586 0.330346 0.726185 
0.12 0.0231136 0.33908 0.836582 
0.16 0.0738193 0.300138 0.733673 
0.24 0.199954 0.283305 0.670883 
0.12 0.0399771 0.322359 0.774702 
0.08 0.0210601 0.345945 0.758836 
0.16 0.131774 0.299755 0.769655 
0.08 0.00802189 0.3612 0.769655 
0.14 0.10203 0.304184 0.769655 
0.18 0.137431 0.293317 0.769655 
0.1 0.0247018 0.342239 0.774702 
0.06 0.0274896 0.346823 0.824608 
0.3 0.294458 0.251717 0.795023 
0.2 0.0925527 0.289902 0.77513 
0.12 0.0317631 0.333975 0.774702 
0.14 0.114693 0.319264 0.722227 
0.16 0.123752 0.312239 0.696636 
0.08 0.0396142 0.332545 0.769655 
0.1 0.0255599 0.340375 0.79729 
0.06 0.018093 0.35001 0.774702 
0.1 0.0475892 0.321175 0.769655 
0.34 0.26237 0.246412 0.677047 
0.12 0.0828616 0.312843 0.769655 
0.18 0.0935731 0.294488 0.769655 
0.1 0.0833995 0.340696 0.748609 
0.1 0.0247018 0.342239 0.774702 
0.22 0.100703 0.295219 0.733673 
0.12 0.099264 0.334418 0.705902 
0.04 0.00596839 0.364288 0.824608 
0.12 0.0828616 0.312843 0.769655 
0.12 0.0317631 0.333975 0.774702 
0.08 0.0260679 0.340448 0.774702 
0.08 0.00802189 0.3612 0.769655 
0.06 0.0274896 0.346823 0.824608 
0.14 0.054928 0.325653 0.750412 
0.1 0.0151387 0.349591 0.836582 
0.14 0.10203 0.304184 0.769655 
0.04 0.00596839 0.365646 0.774702 
0.12 0.0231136 0.33908 0.836582 
0.12 0.0472946 0.333104 0.733673 
0.12 0.0470811 0.320401 0.774702 
0.26 0.154341 0.278958 0.676038 
0.34 0.26237 0.246412 0.677047 
0.14 0.0992981 0.314093 0.733673 
0.16 0.0813076 0.314107 0.705942 
0.1 0.0255599 0.340375 0.79729 
0.12 0.0399771 0.322359 0.774702 
0.2 0.0925527 0.289902 0.77513 
0.18 0.0935731 0.294488 0.769655 
0.16 0.0738193 0.300138 0.733673 
0.06 0.018093 0.35001 0.774702 
0.08 0.0210601 0.345945 0.758836 
0.16 0.131774 0.299755 0.769655 
0.1 0.0331848 0.341809 0.758836 
0.1 0.0475892 0.321175 0.769655 
0.12 0.0695586 0.330346 0.726185 
0.16 0.0871009 0.333984 0.688926 
0.3 0.294458 0.251717 0.795023 
0.18 0.137431 0.293317 0.769655 
0.1 0.0740029 0.35318 0.748609 
0.2 0.1072 0.317464 0.688926 
0.08 0.0354645 0.34463 0.76897 
0.24 0.199954 0.283305 0.670883 
0.14 0.0541979 0.313876 0.769655 
0.14 0.0762699 0.31059 0.758836 
0.16 0.123752 0.312239 0.696636 
0.08 0.0145069 0.354984 0.821204 
0.08 0.0396142 0.332545 0.769655 
0.06 0.00745835 0.360924 0.774702 
0.16 0.0577243 0.308285 0.750082 
0.12 0.066758 0.313269 0.769655 
0.14 0.114693 0.319264 0.722227 
0.32 0.222504 0.248679 0.82265 
0.26 0.154341 0.278958 0.676038 
0.22 0.100703 0.295219 0.733673 
0.08 0.0396142 0.332545 0.769655 
0.12 0.0470811 0.320401 0.774702 
0.14 0.0992981 0.314093 0.733673 
0.16 0.0813076 0.314107 0.705942 
0.12 0.066758 0.313269 0.769655 
0.14 0.10203 0.304184 0.769655 
0.12 0.0317631 0.333975 0.774702 
0.12 0.0231136 0.33908 0.836582 
0.06 0.018093 0.35001 0.774702 
0.32 0.222504 0.248679 0.82265 
0.14 0.0762699 0.31059 0.758836 
0.04 0.00596839 0.364288 0.824608 
0.12 0.0472946 0.333104 0.733673 
0.2 0.0925527 0.289902 0.77513 
0.12 0.0828616 0.312843 0.769655 
0.1 0.0151387 0.349591 0.836582 
0.1 0.0331848 0.341809 0.758836 
0.08 0.0354645 0.34463 0.76897 
0.04 0.00596839 0.365646 0.774702 
0.1 0.0247018 0.342239 0.774702 
0.16 0.0871009 0.333984 0.688926 
0.16 0.123752 0.312239 0.696636 
0.24 0.199954 0.283305 0.670883 
0.3 0.294458 0.251717 0.795023 
0.16 0.0738193 0.300138 0.733673 
0.34 0.26237 0.246412 0.677047 
0.08 0.0145069 0.354984 0.821204 
0.12 0.0399771 0.322359 0.774702 
0.08 0.0210601 0.345945 0.758836 
0.12 0.0695586 0.330346 0.726185 
0.1 0.0833995 0.340696 0.748609 
0.1 0.0740029 0.35318 0.748609 
0.06 0.00745835 0.360924 0.774702 
0.12 0.099264 0.334418 0.705902 
0.16 0.0577243 0.308285 0.750082 
0.08 0.0260679 0.340448 0.774702 
0.16 0.131774 0.299755 0.769655 
0.2 0.1072 0.317464 0.688926 
0.06 0.0274896 0.346823 0.824608 
0.1 0.0475892 0.321175 0.769655 
0.18 0.0935731 0.294488 0.769655 
0.14 0.054928 0.325653 0.750412 
0.14 0.114693 0.319264 0.722227 
0.1 0.0255599 0.340375 0.79729 
0.14 0.0541979 0.313876 0.769655 
0.08 0.00802189 0.3612 0.769655 
0.18 0.137431 0.293317 0.769655 
0.16 0.0813076 0.314107 0.705942 
0.1 0.0151387 0.349591 0.836582 
0.2 0.0925527 0.289902 0.77513 
0.08 0.0396142 0.332545 0.769655 
0.12 0.0399771 0.322359 0.774702 
0.14 0.0541979 0.313876 0.769655 
0.12 0.0695586 0.330346 0.726185 
0.1 0.0247018 0.342239 0.774702 
0.34 0.26237 0.246412 0.677047 
0.18 0.137431 0.293317 0.769655 
0.26 0.154341 0.278958 0.676038 
0.1 0.0255599 0.340375 0.79729 
0.14 0.114693 0.319264 0.722227 
0.08 0.0145069 0.354984 0.821204 
0.32 0.222504 0.248679 0.82265 
0.12 0.066758 0.313269 0.769655 
0.1 0.0833995 0.340696 0.748609 
0.08 0.00802189 0.3612 0.769655 
0.12 0.0472946 0.333104 0.733673 
0.16 0.0577243 0.308285 0.750082 
0.12 0.0470811 0.320401 0.774702 
0.04 0.00596839 0.365646 0.774702 
0.3 0.294458 0.251717 0.795023 
0.24 0.199954 0.283305 0.670883 
0.1 0.0331848 0.341809 0.758836 
0.12 0.0231136 0.33908 0.836582 
0.14 0.0762699 0.31059 0.758836 
0.04 0.00596839 0.364288 0.824608 
0.06 0.018093 0.35001 0.774702 
0.06 0.0274896 0.346823 0.824608 
0.22 0.100703 0.295219 0.733673 
0.08 0.0354645 0.34463 0.76897 
0.18 0.0935731 0.294488 0.769655 
0.16 0.131774 0.299755 0.769655 
0.08 0.0260679 0.340448 0.774702 
0.16 0.0871009 0.333984 0.688926 
0.16 0.123752 0.312239 0.696636 
0.12 0.099264 0.334418 0.705902 
0.14 0.10203 0.304184 0.769655 
0.12 0.0828616 0.312843 0.769655 
0.08 0.0210601 0.345945 0.758836 
0.16 0.0738193 0.300138 0.733673 
0.12 0.0317631 0.333975 0.774702 
0.1 0.0740029 0.35318 0.748609 
0.1 0.0475892 0.321175 0.769655 
0.2 0.1072 0.317464 0.688926 
0.06 0.00745835 0.360924 0.774702 
0.14 0.054928 0.325653 0.750412 
0.14 0.0992981 0.314093 0.733673 
0.3 0.294458 0.251717 0.795023 
0.16 0.0813076 0.314107 0.705942 
0.14 0.114693 0.319264 0.722227 
0.12 0.099264 0.334418 0.705902 
0.04 0.00596839 0.364288 0.824608 
0.08 0.0260679 0.340448 0.774702 
0.12 0.0472946 0.333104 0.733673 
0.34 0.26237 0.246412 0.677047 
0.22 0.100703 0.295219 0.733673 
0.1 0.0255599 0.340375 0.79729 
0.32 0.222504 0.248679 0.82265 
0.1 0.0740029 0.35318 0.748609 
0.06 0.00745835 0.360924 0.774702 
0.06 0.018093 0.35001 0.774702 
0.08 0.00802189 0.3612 0.769655 
0.12 0.0470811 0.320401 0.774702 
0.14 0.0992981 0.314093 0.733673 
0.24 0.199954 0.283305 0.670883 
0.1 0.0833995 0.340696 0.748609 
0.06 0.0274896 0.346823 0.824608 
0.12 0.0231136 0.33908 0.836582 
0.14 0.0541979 0.313876 0.769655 
0.16 0.0738193 0.300138 0.733673 
0.2 0.0925527 0.289902 0.77513 
0.26 0.154341 0.278958 0.676038 
0.08 0.0210601 0.345945 0.758836 
0.12 0.0695586 0.330346 0.726185 
0.12 0.0317631 0.333975 0.774702 
0.1 0.0247018 0.342239 0.774702 
0.08 0.0396142 0.332545 0.769655 
0.1 0.0331848 0.341809 0.758836 
0.16 0.123752 0.312239 0.696636 
0.12 0.0828616 0.312843 0.769655 
0.12 0.066758 0.313269 0.769655 
0.14 0.054928 0.325653 0.750412 
0.18 0.137431 0.293317 0.769655 
0.2 0.1072 0.317464 0.688926 
0.14 0.0762699 0.31059 0.758836 
0.04 0.00596839 0.365646 0.774702 
0.16 0.0577243 0.308285 0.750082 
0.08 0.0354645 0.34463 0.76897 
0.16 0.0871009 0.333984 0.688926 
0.12 0.0399771 0.322359 0.774702 
0.14 0.10203 0.304184 0.769655 
0.1 0.0151387 0.349591 0.836582 
0.16 0.131774 0.299755 0.769655 
0.08 0.0145069 0.354984 0.821204 
0.1 0.0475892 0.321175 0.769655 
0.18 0.0935731 0.294488 0.769655 
0.12 0.0828616 0.312843 0.769655 
0.12 0.066758 0.313269 0.769655 
0.32 0.222504 0.248679 0.82265 
0.1 0.0475892 0.321175 0.769655 
0.12 0.099264 0.334418 0.705902 
0.08 0.00802189 0.3612 0.769655 
0.12 0.0695586 0.330346 0.726185 
0.18 0.137431 0.293317 0.769655 
0.14 0.0762699 0.31059 0.758836 
0.06 0.00745835 0.360924 0.774702 
0.18 0.0935731 0.294488 0.769655 
0.08 0.0396142 0.332545 0.769655 
0.12 0.0399771 0.322359 0.774702 
0.22 0.100703 0.295219 0.733673 
0.04 0.00596839 0.364288 0.824608 
0.2 0.0925527 0.289902 0.77513 
0.06 0.018093 0.35001 0.774702 
0.2 0.1072 0.317464 0.688926 
0.1 0.0740029 0.35318 0.748609 
0.1 0.0255599 0.340375 0.79729 
0.16 0.0577243 0.308285 0.750082 
0.26 0.154341 0.278958 0.676038 
0.1 0.0331848 0.341809 0.758836 
0.1 0.0247018 0.342239 0.774702 
0.04 0.00596839 0.365646 0.774702 
0.12 0.0231136 0.33908 0.836582 
0.08 0.0260679 0.340448 0.774702 
0.3 0.294458 0.251717 0.795023 
0.16 0.131774 0.299755 0.769655 
0.08 0.0354645 0.34463 0.76897 
0.14 0.0992981 0.314093 0.733673 
0.14 0.054928 0.325653 0.750412 
0.16 0.123752 0.312239 0.696636 
0.12 0.0470811 0.320401 0.774702 
0.14 0.114693 0.319264 0.722227 
0.34 0.26237 0.246412 0.677047 
0.14 0.0541979 0.313876 0.769655 
0.14 0.10203 0.304184 0.769655 
0.12 0.0317631 0.333975 0.774702 
0.16 0.0813076 0.314107 0.705942 
0.1 0.0833995 0.340696 0.748609 
0.08 0.0145069 0.354984 0.821204 
0.24 0.199954 0.283305 0.670883 
0.06 0.0274896 0.346823 0.824608 
0.16 0.0738193 0.300138 0.733673 
0.16 0.0871009 0.333984 0.688926 
0.1 0.0151387 0.349591 0.836582 
0.08 0.0210601 0.345945 0.758836 
0.12 0.0472946 0.333104 0.733673 
0.16 0.123752 0.312239 0.696636 
0.12 0.099264 0.334418 0.705902 
0.08 0.0396142 0.332545 0.769655 
0.14 0.054928 0.325653 0.750412 
0.06 0.0274896 0.346823 0.824608 
0.16 0.0577243 0.308285 0.750082 
0.3 0.294458 0.251717 0.795023 
0.08 0.0260679 0.340448 0.774702 
0.18 0.0935731 0.294488 0.769655 
0.1 0.0255599 0.340375 0.79729 
0.2 0.0925527 0.289902 0.77513 
0.14 0.0541979 0.313876 0.769655 
0.16 0.0738193 0.300138 0.733673 
0.16 0.0871009 0.333984 0.688926 
0.08 0.0210601 0.345945 0.758836 
0.06 0.018093 0.35001 0.774702 
0.12 0.066758 0.313269 0.769655 
0.12 0.0470811 0.320401 0.774702 
0.12 0.0695586 0.330346 0.726185 
0.1 0.0331848 0.341809 0.758836 
0.16 0.131774 0.299755 0.769655 
0.1 0.0247018 0.342239 0.774702 
0.16 0.0813076 0.314107 0.705942 
0.1 0.0151387 0.349591 0.836582 
0.14 0.114693 0.319264 0.722227 
0.34 0.26237 0.246412 0.677047 
0.18 0.137431 0.293317 0.769655 
0.22 0.100703 0.295219 0.733673 
0.1 0.0475892 0.321175 0.769655 
0.1 0.0740029 0.35318 0.748609 
0.2 0.1072 0.317464 0.688926 
0.26 0.154341 0.278958 0.676038 
0.12 0.0231136 0.33908 0.836582 
0.1 0.0833995 0.340696 0.748609 
0.32 0.222504 0.248679 0.82265 
0.08 0.0145069 0.354984 0.821204 
0.08 0.0354645 0.34463 0.76897 
0.12 0.0828616 0.312843 0.769655 
0.14 0.10203 0.304184 0.769655 
0.24 0.199954 0.283305 0.670883 
0.12 0.0317631 0.333975 0.774702 
0.14 0.0992981 0.314093 0.733673 
0.04 0.00596839 0.365646 0.774702 
0.12 0.0472946 0.333104 0.733673 
0.14 0.0762699 0.31059 0.758836 
0.06 0.00745835 0.360924 0.774702 
0.04 0.00596839 0.364288 0.824608 
0.12 0.0399771 0.322359 0.774702 
0.08 0.00802189 0.3612 0.769655 
0.1 0.0833995 0.340696 0.748609 
0.18 0.137431 0.293317 0.769655 
0.08 0.00802189 0.3612 0.769655 
0.24 0.199954 0.283305 0.670883 
0.12 0.066758 0.313269 0.769655 
0.1 0.0247018 0.342239 0.774702 
0.32 0.222504 0.248679 0.82265 
0.08 0.0210601 0.345945 0.758836 
0.12 0.0231136 0.33908 0.836582 
0.08 0.0396142 0.332545 0.769655 
0.12 0.0399771 0.322359 0.774702 
0.12 0.0470811 0.320401 0.774702 
0.26 0.154341 0.278958 0.676038 
0.14 0.0992981 0.314093 0.733673 
0.14 0.10203 0.304184 0.769655 
0.06 0.00745835 0.360924 0.774702 
0.3 0.294458 0.251717 0.795023 
0.06 0.0274896 0.346823 0.824608 
0.08 0.0260679 0.340448 0.774702 
0.14 0.0762699 0.31059 0.758836 
0.16 0.0738193 0.300138 0.733673 
0.18 0.0935731 0.294488 0.769655 
0.2 0.1072 0.317464 0.688926 
0.14 0.0541979 0.313876 0.769655 
0.16 0.131774 0.299755 0.769655 
0.16 0.0577243 0.308285 0.750082 
0.1 0.0255599 0.340375 0.79729 
0.08 0.0354645 0.34463 0.76897 
0.14 0.114693 0.319264 0.722227 
0.16 0.0871009 0.333984 0.688926 
0.12 0.099264 0.334418 0.705902 
0.12 0.0317631 0.333975 0.774702 
0.1 0.0475892 0.321175 0.769655 
0.1 0.0151387 0.349591 0.836582 
0.12 0.0828616 0.312843 0.769655 
0.16 0.0813076 0.314107 0.705942 
0.16 0.123752 0.312239 0.696636 
0.12 0.0472946 0.333104 0.733673 
0.34 0.26237 0.246412 0.677047 
0.2 0.0925527 0.289902 0.77513 
0.1 0.0740029 0.35318 0.748609 
0.08 0.0145069 0.354984 0.821204 
0.06 0.018093 0.35001 0.774702 
0.22 0.100703 0.295219 0.733673 
0.12 0.0695586 0.330346 0.726185 
0.04 0.00596839 0.365646 0.774702 
0.14 0.054928 0.325653 0.750412 
0.04 0.00596839 0.364288 0.824608 
0.1 0.0331848 0.341809 0.758836 
0.18 0.0935731 0.294488 0.769655 
0.1 0.0740029 0.35318 0.748609 
0.34 0.26237 0.246412 0.677047 
0.04 0.00596839 0.365646 0.774702 
0.1 0.0331848 0.341809 0.758836 
0.04 0.00596839 0.364288 0.824608 
0.08 0.00802189 0.3612 0.769655 
0.14 0.10203 0.304184 0.769655 
0.24 0.199954 0.283305 0.670883 
0.1 0.0255599 0.340375 0.79729 
0.2 0.1072 0.317464 0.688926 
0.08 0.0210601 0.345945 0.758836 
0.12 0.066758 0.313269 0.769655 
0.1 0.0833995 0.340696 0.748609 
0.16 0.0871009 0.333984 0.688926 
0.08 0.0145069 0.354984 0.821204 
0.16 0.0813076 0.314107 0.705942 
0.12 0.099264 0.334418 0.705902 
0.14 0.0992981 0.314093 0.733673 
0.18 0.137431 0.293317 0.769655 
0.14 0.0762699 0.31059 0.758836 
0.12 0.0317631 0.333975 0.774702 
0.08 0.0396142 0.332545 0.769655 
0.06 0.0274896 0.346823 0.824608 
0.12 0.0828616 0.312843 0.769655 
0.14 0.114693 0.319264 0.722227 
0.1 0.0475892 0.321175 0.769655 
0.16 0.0577243 0.308285 0.750082 
0.1 0.0151387 0.349591 0.836582 
0.26 0.154341 0.278958 0.676038 
0.12 0.0695586 0.330346 0.726185 
0.08 0.0260679 0.340448 0.774702 
0.08 0.0354645 0.34463 0.76897 
0.32 0.222504 0.248679 0.82265 
0.22 0.100703 0.295219 0.733673 
0.16 0.131774 0.299755 0.769655 
0.14 0.054928 0.325653 0.750412 
0.06 0.00745835 0.360924 0.774702 
0.12 0.0470811 0.320401 0.774702 
0.12 0.0472946 0.333104 0.733673 
0.1 0.0247018 0.342239 0.774702 
0.2 0.0925527 0.289902 0.77513 
0.3 0.294458 0.251717 0.795023 
0.12 0.0399771 0.322359 0.774702 
0.06 0.018093 0.35001 0.774702 
0.14 0.0541979 0.313876 0.769655 
0.16 0.123752 0.312239 0.696636 
0.16 0.0738193 0.300138 0.733673 
0.12 0.0231136 0.33908 0.836582 
0.14 0.054928 0.325653 0.750412 
0.14 0.114693 0.319264 0.722227 
0.08 0.0210601 0.345945 0.758836 
0.16 0.123752 0.312239 0.696636 
0.16 0.0577243 0.308285 0.750082 
0.16 0.131774 0.299755 0.769655 
0.22 0.100703 0.295219 0.733673 
0.08 0.00802189 0.3612 0.769655 
0.1 0.0475892 0.321175 0.769655 
0.16 0.0871009 0.333984 0.688926 
0.1 0.0833995 0.340696 0.748609 
0.12 0.0317631 0.333975 0.774702 
0.26 0.154341 0.278958 0.676038 
0.12 0.099264 0.334418 0.705902 
0.16 0.0738193 0.300138 0.733673 
0.14 0.0762699 0.31059 0.758836 
0.16 0.0813076 0.314107 0.705942 
0.08 0.0354645 0.34463 0.76897 
0.14 0.10203 0.304184 0.769655 
0.24 0.199954 0.283305 0.670883 
0.14 0.0992981 0.314093 0.733673 
0.1 0.0247018 0.342239 0.774702 
0.08 0.0260679 0.340448 0.774702 
0.2 0.0925527 0.289902 0.77513 
0.2 0.1072 0.317464 0.688926 
0.12 0.0470811 0.320401 0.774702 
0.04 0.00596839 0.365646 0.774702 
0.06 0.00745835 0.360924 0.774702 
0.12 0.0399771 0.322359 0.774702 
0.04 0.00596839 0.364288 0.824608 
0.08 0.0145069 0.354984 0.821204 
0.12 0.0695586 0.330346 0.726185 
0.08 0.0396142 0.332545 0.769655 
0.12 0.066758 0.313269 0.769655 
0.34 0.26237 0.246412 0.677047 
0.1 0.0331848 0.341809 0.758836 
0.1 0.0255599 0.340375 0.79729 
0.06 0.0274896 0.346823 0.824608 
0.18 0.137431 0.293317 0.769655 
0.12 0.0231136 0.33908 0.836582 
0.3 0.294458 0.251717 0.795023 
0.18 0.0935731 0.294488 0.769655 
0.32 0.222504 0.248679 0.82265 
0.14 0.0541979 0.313876 0.769655 
0.12 0.0828616 0.312843 0.769655 
0.1 0.0151387 0.349591 0.836582 
0.1 0.0740029 0.35318 0.748609 
0.12 0.0472946 0.333104 0.733673 
0.06 0.018093 0.35001 0.774702 
0.1 0.0151387 0.349591 0.836582 
0.08 0.0210601 0.345945 0.758836 
0.14 0.0762699 0.31059 0.758836 
0.16 0.0738193 0.300138 0.733673 
0.14 0.054928 0.325653 0.750412 
0.08 0.0260679 0.340448 0.774702 
0.12 0.0472946 0.333104 0.733673 
0.14 0.0992981 0.314093 0.733673 
0.06 0.00745835 0.360924 0.774702 
0.3 0.294458 0.251717 0.795023 
0.1 0.0331848 0.341809 0.758836 
0.18 0.137431 0.293317 0.769655 
0.32 0.222504 0.248679 0.82265 
0.2 0.1072 0.317464 0.688926 
0.14 0.0541979 0.313876 0.769655 
0.12 0.0399771 0.322359 0.774702 
0.12 0.066758 0.313269 0.769655 
0.14 0.10203 0.304184 0.769655 
0.12 0.0695586 0.330346 0.726185 
0.16 0.123752 0.312239 0.696636 
0.24 0.199954 0.283305 0.670883 
0.16 0.0871009 0.333984 0.688926 
0.1 0.0247018 0.342239 0.774702 
0.08 0.00802189 0.3612 0.769655 
0.04 0.00596839 0.365646 0.774702 
0.12 0.0470811 0.320401 0.774702 
0.2 0.0925527 0.289902 0.77513 
0.12 0.0828616 0.312843 0.769655 
0.06 0.018093 0.35001 0.774702 
0.04 0.00596839 0.364288 0.824608 
0.08 0.0396142 0.332545 0.769655 
0.1 0.0833995 0.340696 0.748609 
0.1 0.0740029 0.35318 0.748609 
