0.18 0.0818071 0.309257 0.755309 
0.2 0.121003 0.29805 0.705942 
0.1 0.0219311 0.335349 0.82265 
0.14 0.0973172 0.305667 0.755309 
0.08 0.0381798 0.353642 0.733673 
0.16 0.108883 0.300743 0.82265 
0.28 0.293933 0.250935 0.755309 
0.22 0.209466 0.275832 0.705942 
0.06 0.0139433 0.354085 0.759089 
0.28 0.151122 0.277683 0.705942 
0.12 0.0289924 0.343915 0.750082 
0.1 0.0308367 0.353702 0.705942 
0.18 0.081948 0.293437 0.82265 
0.16 0.073973 0.311683 0.887812 
0.18 0.153394 0.291397 0.705942 
0.1 0.0980643 0.325479 0.759089 
0.22 0.141824 0.278243 0.82265 
0.1 0.0640684 0.328517 0.759089 
0.22 0.107773 0.286448 0.82265 
0.14 0.0505136 0.32008 0.755309 
0.18 0.111658 0.315735 0.680193 
0.12 0.0720433 0.31495 0.840961 
0.26 0.174761 0.265216 0.82265 
0.1 0.062984 0.356109 0.69375 
0.2 0.174193 0.281959 0.759089 
0.18 0.128752 0.287949 0.755309 
0.26 0.243918 0.262207 0.755309 
0.12 0.0835874 0.343222 0.69375 
0.32 0.3186 0.250971 0.705902 
0.3 0.239846 0.254678 0.755309 
0.16 0.0533612 0.332508 0.720406 
0.28 0.172797 0.269272 0.76897 
0.18 0.115999 0.285232 0.82265 
0.18 0.117101 0.292328 0.76897 
0.14 0.100891 0.315595 0.750082 
0.08 0.0569516 0.336195 0.840961 
0.12 0.108754 0.32394 0.705942 
0.16 0.073973 0.309488 0.82265 
0.32 0.280946 0.254064 0.827507 
0.18 0.0770127 0.325552 0.680193 
0.2 0.14126 0.281686 0.82265 
0.12 0.0289924 0.343915 0.750082 
0.22 0.107773 0.286448 0.82265 
0.2 0.14126 0.281686 0.82265 
0.08 0.0381798 0.353642 0.733673 
0.28 0.172797 0.269272 0.76897 
0.16 0.0533612 0.332508 0.720406 
0.1 0.0219311 0.335349 0.82265 
0.14 0.100891 0.315595 0.750082 
0.22 0.141824 0.278243 0.82265 
0.32 0.3186 0.250971 0.705902 
0.22 0.209466 0.275832 0.705942 
0.12 0.0835874 0.343222 0.69375 
0.32 0.280946 0.254064 0.827507 
0.26 0.174761 0.265216 0.82265 
0.1 0.062984 0.356109 0.69375 
0.08 0.0569516 0.336195 0.840961 
0.18 0.115999 0.285232 0.82265 
0.18 0.0770127 0.325552 0.680193 
0.28 0.293933 0.250935 0.755309 
0.06 0.0139433 0.354085 0.759089 
0.12 0.0720433 0.31495 0.840961 
0.2 0.121003 0.29805 0.705942 
0.18 0.153394 0.291397 0.705942 
0.18 0.0818071 0.309257 0.755309 
0.1 0.0640684 0.328517 0.759089 
0.2 0.174193 0.281959 0.759089 
0.1 0.0308367 0.353702 0.705942 
0.28 0.151122 0.277683 0.705942 
0.16 0.073973 0.309488 0.82265 
0.14 0.0505136 0.32008 0.755309 
0.16 0.108883 0.300743 0.82265 
0.18 0.111658 0.315735 0.680193 
0.26 0.243918 0.262207 0.755309 
0.18 0.081948 0.293437 0.82265 
0.3 0.239846 0.254678 0.755309 
0.14 0.0973172 0.305667 0.755309 
0.18 0.128752 0.287949 0.755309 
0.12 0.108754 0.32394 0.705942 
0.1 0.0980643 0.325479 0.759089 
0.16 0.073973 0.311683 0.887812 
0.18 0.117101 0.292328 0.76897 
0.16 0.0533612 0.332508 0.720406 
0.12 0.0720433 0.31495 0.840961 
0.3 0.239846 0.254678 0.755309 
0.16 0.073973 0.311683 0.887812 
0.12 0.108754 0.32394 0.705942 
0.1 0.0308367 0.353702 0.705942 
0.1 0.062984 0.356109 0.69375 
0.28 0.172797 0.269272 0.76897 
0.2 0.14126 0.281686 0.82265 
0.18 0.0770127 0.325552 0.680193 
0.18 0.0818071 0.309257 0.755309 
0.1 0.0980643 0.325479 0.759089 
0.2 0.174193 0.281959 0.759089 
0.18 0.153394 0.291397 0.705942 
0.18 0.111658 0.315735 0.680193 
0.14 0.100891 0.315595 0.750082 
0.26 0.174761 0.265216 0.82265 
0.1 0.0640684 0.328517 0.759089 
0.22 0.107773 0.286448 0.82265 
0.32 0.3186 0.250971 0.705902 
0.1 0.0219311 0.335349 0.82265 
0.14 0.0973172 0.305667 0.755309 
0.26 0.243918 0.262207 0.755309 
0.12 0.0835874 0.343222 0.69375 
0.14 0.0505136 0.32008 0.755309 
0.22 0.141824 0.278243 0.82265 
0.18 0.115999 0.285232 0.82265 
0.06 0.0139433 0.354085 0.759089 
0.08 0.0381798 0.353642 0.733673 
0.18 0.128752 0.287949 0.755309 
0.18 0.081948 0.293437 0.82265 
0.16 0.073973 0.309488 0.82265 
0.16 0.108883 0.300743 0.82265 
0.28 0.151122 0.277683 0.705942 
0.18 0.117101 0.292328 0.76897 
0.12 0.0289924 0.343915 0.750082 
0.32 0.280946 0.254064 0.827507 
0.2 0.121003 0.29805 0.705942 
0.22 0.209466 0.275832 0.705942 
0.08 0.0569516 0.336195 0.840961 
0.28 0.293933 0.250935 0.755309 
0.14 0.0973172 0.305667 0.755309 
0.1 0.062984 0.356109 0.69375 
0.1 0.0640684 0.328517 0.759089 
0.14 0.0505136 0.32008 0.755309 
0.12 0.108754 0.32394 0.705942 
0.26 0.243918 0.262207 0.755309 
0.12 0.0720433 0.31495 0.840961 
0.32 0.280946 0.254064 0.827507 
0.14 0.100891 0.315595 0.750082 
0.16 0.073973 0.311683 0.887812 
0.1 0.0219311 0.335349 0.82265 
0.3 0.239846 0.254678 0.755309 
0.18 0.128752 0.287949 0.755309 
0.2 0.174193 0.281959 0.759089 
0.18 0.081948 0.293437 0.82265 
0.28 0.172797 0.269272 0.76897 
0.1 0.0308367 0.353702 0.705942 
0.28 0.151122 0.277683 0.705942 
0.06 0.0139433 0.354085 0.759089 
0.16 0.073973 0.309488 0.82265 
0.18 0.0770127 0.325552 0.680193 
0.18 0.111658 0.315735 0.680193 
0.18 0.0818071 0.309257 0.755309 
0.22 0.141824 0.278243 0.82265 
0.22 0.209466 0.275832 0.705942 
0.12 0.0289924 0.343915 0.750082 
0.16 0.108883 0.300743 0.82265 
0.2 0.121003 0.29805 0.705942 
0.28 0.293933 0.250935 0.755309 
0.08 0.0381798 0.353642 0.733673 
0.12 0.0835874 0.343222 0.69375 
0.18 0.153394 0.291397 0.705942 
0.1 0.0980643 0.325479 0.759089 
0.18 0.117101 0.292328 0.76897 
0.16 0.0533612 0.332508 0.720406 
0.2 0.14126 0.281686 0.82265 
0.32 0.3186 0.250971 0.705902 
0.22 0.107773 0.286448 0.82265 
0.26 0.174761 0.265216 0.82265 
0.08 0.0569516 0.336195 0.840961 
0.18 0.115999 0.285232 0.82265 
0.22 0.209466 0.275832 0.705942 
0.08 0.0381798 0.353642 0.733673 
0.2 0.121003 0.29805 0.705942 
0.18 0.111658 0.315735 0.680193 
0.12 0.0720433 0.31495 0.840961 
0.32 0.280946 0.254064 0.827507 
0.1 0.0308367 0.353702 0.705942 
0.14 0.0973172 0.305667 0.755309 
0.16 0.073973 0.311683 0.887812 
0.16 0.108883 0.300743 0.82265 
0.06 0.0139433 0.354085 0.759089 
0.18 0.128752 0.287949 0.755309 
0.18 0.081948 0.293437 0.82265 
0.14 0.0505136 0.32008 0.755309 
0.1 0.062984 0.356109 0.69375 
0.26 0.174761 0.265216 0.82265 
0.18 0.115999 0.285232 0.82265 
0.1 0.0640684 0.328517 0.759089 
0.18 0.0818071 0.309257 0.755309 
0.1 0.0980643 0.325479 0.759089 
0.18 0.0770127 0.325552 0.680193 
0.26 0.243918 0.262207 0.755309 
0.1 0.0219311 0.335349 0.82265 
0.12 0.0289924 0.343915 0.750082 
0.32 0.3186 0.250971 0.705902 
0.2 0.174193 0.281959 0.759089 
0.12 0.0835874 0.343222 0.69375 
0.16 0.073973 0.309488 0.82265 
0.22 0.107773 0.286448 0.82265 
0.3 0.239846 0.254678 0.755309 
0.28 0.293933 0.250935 0.755309 
0.14 0.100891 0.315595 0.750082 
0.16 0.0533612 0.332508 0.720406 
0.28 0.172797 0.269272 0.76897 
0.12 0.108754 0.32394 0.705942 
0.28 0.151122 0.277683 0.705942 
0.18 0.117101 0.292328 0.76897 
0.18 0.153394 0.291397 0.705942 
0.2 0.14126 0.281686 0.82265 
0.22 0.141824 0.278243 0.82265 
0.08 0.0569516 0.336195 0.840961 
0.08 0.0381798 0.353642 0.733673 
0.18 0.115999 0.285232 0.82265 
0.28 0.151122 0.277683 0.705942 
0.14 0.100891 0.315595 0.750082 
0.18 0.153394 0.291397 0.705942 
0.1 0.0308367 0.353702 0.705942 
0.18 0.111658 0.315735 0.680193 
0.32 0.3186 0.250971 0.705902 
0.28 0.293933 0.250935 0.755309 
0.12 0.108754 0.32394 0.705942 
0.16 0.073973 0.311683 0.887812 
0.16 0.108883 0.300743 0.82265 
0.08 0.0569516 0.336195 0.840961 
0.06 0.0139433 0.354085 0.759089 
0.32 0.280946 0.254064 0.827507 
0.14 0.0973172 0.305667 0.755309 
0.18 0.0818071 0.309257 0.755309 
0.12 0.0835874 0.343222 0.69375 
0.26 0.174761 0.265216 0.82265 
0.22 0.107773 0.286448 0.82265 
0.2 0.14126 0.281686 0.82265 
0.22 0.141824 0.278243 0.82265 
0.1 0.0640684 0.328517 0.759089 
0.18 0.117101 0.292328 0.76897 
0.1 0.0980643 0.325479 0.759089 
0.18 0.081948 0.293437 0.82265 
0.1 0.0219311 0.335349 0.82265 
0.1 0.062984 0.356109 0.69375 
0.16 0.0533612 0.332508 0.720406 
0.12 0.0720433 0.31495 0.840961 
0.22 0.209466 0.275832 0.705942 
0.18 0.128752 0.287949 0.755309 
0.16 0.073973 0.309488 0.82265 
0.28 0.172797 0.269272 0.76897 
0.14 0.0505136 0.32008 0.755309 
0.18 0.0770127 0.325552 0.680193 
0.2 0.121003 0.29805 0.705942 
0.26 0.243918 0.262207 0.755309 
0.12 0.0289924 0.343915 0.750082 
0.2 0.174193 0.281959 0.759089 
0.3 0.239846 0.254678 0.755309 
0.22 0.209466 0.275832 0.705942 
0.16 0.108883 0.300743 0.82265 
0.2 0.14126 0.281686 0.82265 
0.08 0.0381798 0.353642 0.733673 
0.16 0.0533612 0.332508 0.720406 
0.08 0.0569516 0.336195 0.840961 
0.28 0.293933 0.250935 0.755309 
0.1 0.0308367 0.353702 0.705942 
0.32 0.280946 0.254064 0.827507 
0.18 0.128752 0.287949 0.755309 
0.2 0.174193 0.281959 0.759089 
0.12 0.0720433 0.31495 0.840961 
0.26 0.243918 0.262207 0.755309 
0.22 0.141824 0.278243 0.82265 
0.22 0.107773 0.286448 0.82265 
0.26 0.174761 0.265216 0.82265 
0.1 0.0219311 0.335349 0.82265 
0.18 0.081948 0.293437 0.82265 
0.28 0.172797 0.269272 0.76897 
0.2 0.121003 0.29805 0.705942 
0.28 0.151122 0.277683 0.705942 
0.16 0.073973 0.311683 0.887812 
0.12 0.108754 0.32394 0.705942 
0.06 0.0139433 0.354085 0.759089 
0.1 0.062984 0.356109 0.69375 
0.1 0.0640684 0.328517 0.759089 
0.14 0.0973172 0.305667 0.755309 
0.14 0.100891 0.315595 0.750082 
0.3 0.239846 0.254678 0.755309 
0.18 0.0818071 0.309257 0.755309 
0.18 0.153394 0.291397 0.705942 
0.18 0.111658 0.315735 0.680193 
0.32 0.3186 0.250971 0.705902 
0.16 0.073973 0.309488 0.82265 
0.18 0.0770127 0.325552 0.680193 
0.12 0.0289924 0.343915 0.750082 
0.12 0.0835874 0.343222 0.69375 
0.18 0.117101 0.292328 0.76897 
0.1 0.0980643 0.325479 0.759089 
0.14 0.0505136 0.32008 0.755309 
0.18 0.115999 0.285232 0.82265 
0.1 0.062984 0.356109 0.69375 
0.18 0.128752 0.287949 0.755309 
0.32 0.280946 0.254064 0.827507 
0.18 0.0770127 0.325552 0.680193 
0.26 0.243918 0.262207 0.755309 
0.14 0.0973172 0.305667 0.755309 
0.16 0.073973 0.309488 0.82265 
0.3 0.239846 0.254678 0.755309 
0.26 0.174761 0.265216 0.82265 
0.12 0.108754 0.32394 0.705942 
0.18 0.111658 0.315735 0.680193 
0.18 0.117101 0.292328 0.76897 
0.22 0.141824 0.278243 0.82265 
0.14 0.100891 0.315595 0.750082 
0.18 0.153394 0.291397 0.705942 
0.16 0.108883 0.300743 0.82265 
0.08 0.0381798 0.353642 0.733673 
0.28 0.151122 0.277683 0.705942 
0.18 0.081948 0.293437 0.82265 
0.06 0.0139433 0.354085 0.759089 
0.22 0.107773 0.286448 0.82265 
0.16 0.0533612 0.332508 0.720406 
0.22 0.209466 0.275832 0.705942 
0.12 0.0835874 0.343222 0.69375 
0.2 0.14126 0.281686 0.82265 
0.1 0.0219311 0.335349 0.82265 
0.28 0.172797 0.269272 0.76897 
0.1 0.0980643 0.325479 0.759089 
0.12 0.0289924 0.343915 0.750082 
0.08 0.0569516 0.336195 0.840961 
0.18 0.0818071 0.309257 0.755309 
0.14 0.0505136 0.32008 0.755309 
0.28 0.293933 0.250935 0.755309 
0.32 0.3186 0.250971 0.705902 
0.2 0.121003 0.29805 0.705942 
0.2 0.174193 0.281959 0.759089 
0.12 0.0720433 0.31495 0.840961 
0.1 0.0308367 0.353702 0.705942 
0.16 0.073973 0.311683 0.887812 
0.1 0.0640684 0.328517 0.759089 
0.18 0.115999 0.285232 0.82265 
0.26 0.174761 0.265216 0.82265 
0.1 0.0308367 0.353702 0.705942 
0.22 0.141824 0.278243 0.82265 
0.06 0.0139433 0.354085 0.759089 
0.14 0.0973172 0.305667 0.755309 
0.16 0.0533612 0.332508 0.720406 
0.14 0.100891 0.315595 0.750082 
0.08 0.0381798 0.353642 0.733673 
0.18 0.115999 0.285232 0.82265 
0.3 0.239846 0.254678 0.755309 
0.22 0.209466 0.275832 0.705942 
0.32 0.280946 0.254064 0.827507 
0.18 0.153394 0.291397 0.705942 
0.08 0.0569516 0.336195 0.840961 
0.1 0.0980643 0.325479 0.759089 
0.18 0.0818071 0.309257 0.755309 
0.18 0.0770127 0.325552 0.680193 
0.28 0.172797 0.269272 0.76897 
0.18 0.117101 0.292328 0.76897 
0.12 0.108754 0.32394 0.705942 
0.26 0.243918 0.262207 0.755309 
0.16 0.108883 0.300743 0.82265 
0.16 0.073973 0.309488 0.82265 
0.18 0.081948 0.293437 0.82265 
0.16 0.073973 0.311683 0.887812 
0.2 0.174193 0.281959 0.759089 
0.12 0.0835874 0.343222 0.69375 
0.18 0.128752 0.287949 0.755309 
0.14 0.0505136 0.32008 0.755309 
0.22 0.107773 0.286448 0.82265 
0.12 0.0720433 0.31495 0.840961 
0.12 0.0289924 0.343915 0.750082 
0.28 0.293933 0.250935 0.755309 
0.28 0.151122 0.277683 0.705942 
0.1 0.0640684 0.328517 0.759089 
0.2 0.14126 0.281686 0.82265 
0.18 0.111658 0.315735 0.680193 
0.2 0.121003 0.29805 0.705942 
0.1 0.062984 0.356109 0.69375 
0.32 0.3186 0.250971 0.705902 
0.1 0.0219311 0.335349 0.82265 
0.08 0.0569516 0.336195 0.840961 
0.18 0.117101 0.292328 0.76897 
0.18 0.111658 0.315735 0.680193 
0.1 0.0640684 0.328517 0.759089 
0.22 0.209466 0.275832 0.705942 
0.18 0.0818071 0.309257 0.755309 
0.2 0.121003 0.29805 0.705942 
0.16 0.0533612 0.332508 0.720406 
0.14 0.100891 0.315595 0.750082 
0.16 0.108883 0.300743 0.82265 
0.14 0.0505136 0.32008 0.755309 
0.06 0.0139433 0.354085 0.759089 
0.08 0.0381798 0.353642 0.733673 
0.12 0.0289924 0.343915 0.750082 
0.12 0.0835874 0.343222 0.69375 
0.26 0.243918 0.262207 0.755309 
0.32 0.3186 0.250971 0.705902 
0.28 0.151122 0.277683 0.705942 
0.1 0.0308367 0.353702 0.705942 
0.14 0.0973172 0.305667 0.755309 
0.18 0.081948 0.293437 0.82265 
0.12 0.108754 0.32394 0.705942 
0.18 0.0770127 0.325552 0.680193 
0.12 0.0720433 0.31495 0.840961 
0.22 0.141824 0.278243 0.82265 
0.18 0.128752 0.287949 0.755309 
0.16 0.073973 0.309488 0.82265 
0.2 0.174193 0.281959 0.759089 
0.22 0.107773 0.286448 0.82265 
0.3 0.239846 0.254678 0.755309 
0.26 0.174761 0.265216 0.82265 
0.2 0.14126 0.281686 0.82265 
0.18 0.115999 0.285232 0.82265 
0.18 0.153394 0.291397 0.705942 
0.16 0.073973 0.311683 0.887812 
0.28 0.293933 0.250935 0.755309 
0.1 0.0980643 0.325479 0.759089 
0.32 0.280946 0.254064 0.827507 
0.1 0.062984 0.356109 0.69375 
0.28 0.172797 0.269272 0.76897 
0.1 0.0219311 0.335349 0.82265 
0.12 0.0720433 0.31495 0.840961 
0.18 0.117101 0.292328 0.76897 
0.08 0.0569516 0.336195 0.840961 
0.14 0.0505136 0.32008 0.755309 
0.28 0.172797 0.269272 0.76897 
0.16 0.073973 0.309488 0.82265 
0.18 0.153394 0.291397 0.705942 
0.1 0.062984 0.356109 0.69375 
0.22 0.209466 0.275832 0.705942 
0.1 0.0640684 0.328517 0.759089 
0.26 0.174761 0.265216 0.82265 
0.2 0.14126 0.281686 0.82265 
0.22 0.107773 0.286448 0.82265 
0.22 0.141824 0.278243 0.82265 
0.18 0.111658 0.315735 0.680193 
0.26 0.243918 0.262207 0.755309 
0.1 0.0980643 0.325479 0.759089 
0.18 0.081948 0.293437 0.82265 
0.32 0.3186 0.250971 0.705902 
0.32 0.280946 0.254064 0.827507 
0.14 0.100891 0.315595 0.750082 
0.18 0.0818071 0.309257 0.755309 
0.28 0.151122 0.277683 0.705942 
0.18 0.128752 0.287949 0.755309 
0.12 0.108754 0.32394 0.705942 
0.18 0.115999 0.285232 0.82265 
0.3 0.239846 0.254678 0.755309 
0.1 0.0219311 0.335349 0.82265 
0.2 0.121003 0.29805 0.705942 
0.06 0.0139433 0.354085 0.759089 
0.1 0.0308367 0.353702 0.705942 
0.28 0.293933 0.250935 0.755309 
0.12 0.0835874 0.343222 0.69375 
0.12 0.0289924 0.343915 0.750082 
0.2 0.174193 0.281959 0.759089 
0.16 0.073973 0.311683 0.887812 
0.08 0.0381798 0.353642 0.733673 
0.14 0.0973172 0.305667 0.755309 
0.16 0.0533612 0.332508 0.720406 
0.16 0.108883 0.300743 0.82265 
0.18 0.0770127 0.325552 0.680193 
0.1 0.0308367 0.353702 0.705942 
0.18 0.0770127 0.325552 0.680193 
0.26 0.174761 0.265216 0.82265 
0.08 0.0381798 0.353642 0.733673 
0.16 0.0533612 0.332508 0.720406 
0.08 0.0569516 0.336195 0.840961 
0.12 0.0289924 0.343915 0.750082 
0.26 0.243918 0.262207 0.755309 
0.18 0.111658 0.315735 0.680193 
0.12 0.0835874 0.343222 0.69375 
0.16 0.073973 0.309488 0.82265 
0.2 0.14126 0.281686 0.82265 
0.14 0.100891 0.315595 0.750082 
0.18 0.153394 0.291397 0.705942 
0.22 0.107773 0.286448 0.82265 
0.1 0.0640684 0.328517 0.759089 
0.1 0.062984 0.356109 0.69375 
0.28 0.172797 0.269272 0.76897 
0.2 0.121003 0.29805 0.705942 
0.12 0.108754 0.32394 0.705942 
0.1 0.0980643 0.325479 0.759089 
0.28 0.151122 0.277683 0.705942 
0.28 0.293933 0.250935 0.755309 
0.18 0.0818071 0.309257 0.755309 
0.18 0.081948 0.293437 0.82265 
0.14 0.0505136 0.32008 0.755309 
0.22 0.141824 0.278243 0.82265 
0.12 0.0720433 0.31495 0.840961 
0.22 0.209466 0.275832 0.705942 
0.3 0.239846 0.254678 0.755309 
0.32 0.280946 0.254064 0.827507 
0.18 0.115999 0.285232 0.82265 
0.16 0.108883 0.300743 0.82265 
0.32 0.3186 0.250971 0.705902 
0.06 0.0139433 0.354085 0.759089 
0.1 0.0219311 0.335349 0.82265 
0.18 0.128752 0.287949 0.755309 
0.18 0.117101 0.292328 0.76897 
0.2 0.174193 0.281959 0.759089 
0.16 0.073973 0.311683 0.887812 
0.14 0.0973172 0.305667 0.755309 
0.16 0.073973 0.311683 0.887812 
0.06 0.0139433 0.354085 0.759089 
0.32 0.280946 0.254064 0.827507 
0.08 0.0569516 0.336195 0.840961 
0.28 0.151122 0.277683 0.705942 
0.22 0.141824 0.278243 0.82265 
0.14 0.0505136 0.32008 0.755309 
0.18 0.111658 0.315735 0.680193 
0.22 0.107773 0.286448 0.82265 
0.16 0.0533612 0.332508 0.720406 
0.12 0.0835874 0.343222 0.69375 
0.1 0.0308367 0.353702 0.705942 
0.1 0.0640684 0.328517 0.759089 
0.18 0.115999 0.285232 0.82265 
0.16 0.073973 0.309488 0.82265 
0.2 0.121003 0.29805 0.705942 
0.18 0.117101 0.292328 0.76897 
0.3 0.239846 0.254678 0.755309 
0.1 0.0980643 0.325479 0.759089 
0.1 0.0219311 0.335349 0.82265 
0.16 0.108883 0.300743 0.82265 
0.28 0.172797 0.269272 0.76897 
0.18 0.153394 0.291397 0.705942 
0.08 0.0381798 0.353642 0.733673 
0.28 0.293933 0.250935 0.755309 
0.14 0.0973172 0.305667 0.755309 
0.2 0.174193 0.281959 0.759089 
0.12 0.0289924 0.343915 0.750082 
0.12 0.0720433 0.31495 0.840961 
0.22 0.209466 0.275832 0.705942 
0.12 0.108754 0.32394 0.705942 
0.2 0.14126 0.281686 0.82265 
0.26 0.174761 0.265216 0.82265 
0.1 0.062984 0.356109 0.69375 
0.26 0.243918 0.262207 0.755309 
0.18 0.0818071 0.309257 0.755309 
0.18 0.081948 0.293437 0.82265 
0.32 0.3186 0.250971 0.705902 
0.18 0.0770127 0.325552 0.680193 
0.18 0.128752 0.287949 0.755309 
0.14 0.100891 0.315595 0.750082 
0.12 0.0720433 0.31495 0.840961 
0.26 0.243918 0.262207 0.755309 
0.22 0.209466 0.275832 0.705942 
0.22 0.107773 0.286448 0.82265 
0.28 0.293933 0.250935 0.755309 
0.28 0.151122 0.277683 0.705942 
0.12 0.0835874 0.343222 0.69375 
0.12 0.108754 0.32394 0.705942 
0.16 0.0533612 0.332508 0.720406 
0.14 0.0505136 0.32008 0.755309 
0.18 0.153394 0.291397 0.705942 
0.16 0.073973 0.309488 0.82265 
0.14 0.0973172 0.305667 0.755309 
0.18 0.0770127 0.325552 0.680193 
0.32 0.280946 0.254064 0.827507 
0.1 0.0980643 0.325479 0.759089 
0.3 0.239846 0.254678 0.755309 
0.08 0.0569516 0.336195 0.840961 
0.1 0.0640684 0.328517 0.759089 
0.1 0.0308367 0.353702 0.705942 
0.18 0.0818071 0.309257 0.755309 
0.22 0.141824 0.278243 0.82265 
0.16 0.073973 0.311683 0.887812 
0.18 0.128752 0.287949 0.755309 
0.1 0.0219311 0.335349 0.82265 
0.18 0.111658 0.315735 0.680193 
0.16 0.108883 0.300743 0.82265 
0.1 0.062984 0.356109 0.69375 
0.06 0.0139433 0.354085 0.759089 
0.18 0.117101 0.292328 0.76897 
0.32 0.3186 0.250971 0.705902 
0.28 0.172797 0.269272 0.76897 
0.08 0.0381798 0.353642 0.733673 
0.2 0.14126 0.281686 0.82265 
0.18 0.115999 0.285232 0.82265 
0.14 0.100891 0.315595 0.750082 
0.2 0.121003 0.29805 0.705942 
0.2 0.174193 0.281959 0.759089 
0.26 0.174761 0.265216 0.82265 
