0.16 0.072244 0.31019 0.769655 
0.2 0.0680815 0.306612 0.755309 
0.16 0.0849279 0.307219 0.765254 
0.14 0.0753264 0.333279 0.705902 
0.08 0.0291461 0.355915 0.769655 
0.14 0.076953 0.318589 0.765254 
0.08 0.0210601 0.356435 0.831761 
0.08 0.0845522 0.352581 0.750082 
0.22 0.0690293 0.322605 0.715137 
0.12 0.0802189 0.329884 0.759089 
0.08 0.0385427 0.344292 0.769655 
0.12 0.0305464 0.349423 0.769655 
0.12 0.059146 0.377142 0.698617 
0.32 0.30566 0.243365 0.867884 
0.22 0.117566 0.296207 0.69375 
0.1 0.0246463 0.361298 0.727784 
0.24 0.111162 0.280607 0.755309 
0.06 0.0187676 0.360968 0.797191 
0.1 0.0680046 0.346121 0.727784 
0.12 0.0586422 0.329106 0.769655 
0.22 0.104101 0.287926 0.82815 
0.12 0.046223 0.336765 0.727784 
0.08 0.0136487 0.357337 0.831761 
0.14 0.0930565 0.319241 0.748609 
0.2 0.176332 0.289816 0.69375 
0.14 0.0778111 0.316219 0.892848 
0.04 0.0107926 0.373629 0.797191 
0.08 0.0346064 0.352495 0.831761 
0.06 0.00653193 0.37055 0.797191 
0.2 0.153372 0.285105 0.765254 
0.14 0.0473714 0.325037 0.813498 
0.1 0.0465176 0.337791 0.769655 
0.12 0.0326767 0.341233 0.850942 
0.3 0.211481 0.252527 0.804351 
0.04 0.00596839 0.372687 0.831761 
0.16 0.121596 0.311751 0.705902 
0.18 0.0761589 0.30948 0.733673 
0.06 0.0166586 0.37634 0.746574 
0.12 0.0337483 0.338593 0.813498 
0.04 0.0158004 0.3703 0.797191 
0.3 0.229834 0.251591 0.705902 
0.1 0.02813 0.341325 0.813498 
0.16 0.108076 0.305231 0.765254 
0.08 0.0237754 0.364165 0.746574 
0.16 0.0589069 0.322999 0.727784 
0.12 0.0470811 0.334731 0.759089 
0.12 0.0802189 0.329884 0.759089 
0.08 0.0291461 0.355915 0.769655 
0.12 0.0586422 0.329106 0.769655 
0.12 0.046223 0.336765 0.727784 
0.22 0.117566 0.296207 0.69375 
0.12 0.0326767 0.341233 0.850942 
0.3 0.211481 0.252527 0.804351 
0.14 0.076953 0.318589 0.765254 
0.1 0.02813 0.341325 0.813498 
0.18 0.0761589 0.30948 0.733673 
0.12 0.0337483 0.338593 0.813498 
0.06 0.00653193 0.37055 0.797191 
0.14 0.0753264 0.333279 0.705902 
0.12 0.0470811 0.334731 0.759089 
0.16 0.121596 0.311751 0.705902 
0.08 0.0845522 0.352581 0.750082 
0.2 0.176332 0.289816 0.69375 
0.3 0.229834 0.251591 0.705902 
0.22 0.104101 0.287926 0.82815 
0.1 0.0246463 0.361298 0.727784 
0.1 0.0680046 0.346121 0.727784 
0.2 0.153372 0.285105 0.765254 
0.04 0.00596839 0.372687 0.831761 
0.24 0.111162 0.280607 0.755309 
0.12 0.059146 0.377142 0.698617 
0.08 0.0346064 0.352495 0.831761 
0.2 0.0680815 0.306612 0.755309 
0.06 0.0187676 0.360968 0.797191 
0.1 0.0465176 0.337791 0.769655 
0.04 0.0158004 0.3703 0.797191 
0.08 0.0385427 0.344292 0.769655 
0.14 0.0473714 0.325037 0.813498 
0.12 0.0305464 0.349423 0.769655 
0.16 0.108076 0.305231 0.765254 
0.08 0.0136487 0.357337 0.831761 
0.08 0.0210601 0.356435 0.831761 
0.16 0.072244 0.31019 0.769655 
0.04 0.0107926 0.373629 0.797191 
0.16 0.0849279 0.307219 0.765254 
0.16 0.0589069 0.322999 0.727784 
0.14 0.0930565 0.319241 0.748609 
0.06 0.0166586 0.37634 0.746574 
0.14 0.0778111 0.316219 0.892848 
0.22 0.0690293 0.322605 0.715137 
0.08 0.0237754 0.364165 0.746574 
0.32 0.30566 0.243365 0.867884 
0.16 0.108076 0.305231 0.765254 
0.06 0.0187676 0.360968 0.797191 
0.16 0.072244 0.31019 0.769655 
0.08 0.0136487 0.357337 0.831761 
0.12 0.0337483 0.338593 0.813498 
0.22 0.104101 0.287926 0.82815 
0.08 0.0346064 0.352495 0.831761 
0.22 0.0690293 0.322605 0.715137 
0.12 0.0305464 0.349423 0.769655 
0.12 0.0326767 0.341233 0.850942 
0.14 0.0930565 0.319241 0.748609 
0.14 0.0753264 0.333279 0.705902 
0.3 0.211481 0.252527 0.804351 
0.1 0.0465176 0.337791 0.769655 
0.04 0.0107926 0.373629 0.797191 
0.08 0.0291461 0.355915 0.769655 
0.14 0.0473714 0.325037 0.813498 
0.12 0.0470811 0.334731 0.759089 
0.3 0.229834 0.251591 0.705902 
0.06 0.0166586 0.37634 0.746574 
0.08 0.0210601 0.356435 0.831761 
0.14 0.0778111 0.316219 0.892848 
0.08 0.0237754 0.364165 0.746574 
0.08 0.0845522 0.352581 0.750082 
0.12 0.059146 0.377142 0.698617 
0.18 0.0761589 0.30948 0.733673 
0.06 0.00653193 0.37055 0.797191 
0.16 0.0849279 0.307219 0.765254 
0.14 0.076953 0.318589 0.765254 
0.2 0.153372 0.285105 0.765254 
0.24 0.111162 0.280607 0.755309 
0.12 0.0802189 0.329884 0.759089 
0.1 0.0246463 0.361298 0.727784 
0.2 0.0680815 0.306612 0.755309 
0.04 0.00596839 0.372687 0.831761 
0.32 0.30566 0.243365 0.867884 
0.04 0.0158004 0.3703 0.797191 
0.12 0.0586422 0.329106 0.769655 
0.2 0.176332 0.289816 0.69375 
0.22 0.117566 0.296207 0.69375 
0.16 0.121596 0.311751 0.705902 
0.16 0.0589069 0.322999 0.727784 
0.1 0.0680046 0.346121 0.727784 
0.1 0.02813 0.341325 0.813498 
0.08 0.0385427 0.344292 0.769655 
0.12 0.046223 0.336765 0.727784 
0.12 0.046223 0.336765 0.727784 
0.04 0.0107926 0.373629 0.797191 
0.32 0.30566 0.243365 0.867884 
0.24 0.111162 0.280607 0.755309 
0.04 0.00596839 0.372687 0.831761 
0.2 0.0680815 0.306612 0.755309 
0.2 0.176332 0.289816 0.69375 
0.1 0.0246463 0.361298 0.727784 
0.16 0.108076 0.305231 0.765254 
0.14 0.0930565 0.319241 0.748609 
0.14 0.0753264 0.333279 0.705902 
0.06 0.00653193 0.37055 0.797191 
0.12 0.0470811 0.334731 0.759089 
0.08 0.0385427 0.344292 0.769655 
0.22 0.117566 0.296207 0.69375 
0.06 0.0166586 0.37634 0.746574 
0.1 0.0680046 0.346121 0.727784 
0.1 0.0465176 0.337791 0.769655 
0.04 0.0158004 0.3703 0.797191 
0.16 0.072244 0.31019 0.769655 
0.12 0.0802189 0.329884 0.759089 
0.22 0.104101 0.287926 0.82815 
0.16 0.121596 0.311751 0.705902 
0.1 0.02813 0.341325 0.813498 
0.18 0.0761589 0.30948 0.733673 
0.06 0.0187676 0.360968 0.797191 
0.22 0.0690293 0.322605 0.715137 
0.16 0.0589069 0.322999 0.727784 
0.08 0.0346064 0.352495 0.831761 
0.3 0.229834 0.251591 0.705902 
0.12 0.0337483 0.338593 0.813498 
0.12 0.0305464 0.349423 0.769655 
0.08 0.0845522 0.352581 0.750082 
0.08 0.0291461 0.355915 0.769655 
0.08 0.0210601 0.356435 0.831761 
0.12 0.0326767 0.341233 0.850942 
0.14 0.076953 0.318589 0.765254 
0.14 0.0778111 0.316219 0.892848 
0.14 0.0473714 0.325037 0.813498 
0.16 0.0849279 0.307219 0.765254 
0.08 0.0136487 0.357337 0.831761 
0.3 0.211481 0.252527 0.804351 
0.12 0.0586422 0.329106 0.769655 
0.08 0.0237754 0.364165 0.746574 
0.2 0.153372 0.285105 0.765254 
0.12 0.059146 0.377142 0.698617 
0.14 0.0778111 0.316219 0.892848 
0.08 0.0845522 0.352581 0.750082 
0.06 0.0166586 0.37634 0.746574 
0.12 0.0802189 0.329884 0.759089 
0.1 0.0680046 0.346121 0.727784 
0.2 0.176332 0.289816 0.69375 
0.08 0.0210601 0.356435 0.831761 
0.12 0.046223 0.336765 0.727784 
0.04 0.0158004 0.3703 0.797191 
0.14 0.0473714 0.325037 0.813498 
0.1 0.02813 0.341325 0.813498 
0.08 0.0346064 0.352495 0.831761 
0.16 0.108076 0.305231 0.765254 
0.14 0.0753264 0.333279 0.705902 
0.08 0.0237754 0.364165 0.746574 
0.04 0.0107926 0.373629 0.797191 
0.06 0.00653193 0.37055 0.797191 
0.12 0.059146 0.377142 0.698617 
0.3 0.229834 0.251591 0.705902 
0.12 0.0326767 0.341233 0.850942 
0.04 0.00596839 0.372687 0.831761 
0.08 0.0136487 0.357337 0.831761 
0.22 0.117566 0.296207 0.69375 
0.32 0.30566 0.243365 0.867884 
0.24 0.111162 0.280607 0.755309 
0.06 0.0187676 0.360968 0.797191 
0.2 0.0680815 0.306612 0.755309 
0.16 0.0589069 0.322999 0.727784 
0.12 0.0337483 0.338593 0.813498 
0.16 0.0849279 0.307219 0.765254 
0.3 0.211481 0.252527 0.804351 
0.18 0.0761589 0.30948 0.733673 
0.08 0.0385427 0.344292 0.769655 
0.12 0.0586422 0.329106 0.769655 
0.08 0.0291461 0.355915 0.769655 
0.2 0.153372 0.285105 0.765254 
0.14 0.0930565 0.319241 0.748609 
0.12 0.0305464 0.349423 0.769655 
0.22 0.104101 0.287926 0.82815 
0.16 0.072244 0.31019 0.769655 
0.12 0.0470811 0.334731 0.759089 
0.14 0.076953 0.318589 0.765254 
0.1 0.0465176 0.337791 0.769655 
0.16 0.121596 0.311751 0.705902 
0.1 0.0246463 0.361298 0.727784 
0.22 0.0690293 0.322605 0.715137 
0.14 0.0778111 0.316219 0.892848 
0.12 0.046223 0.336765 0.727784 
0.22 0.117566 0.296207 0.69375 
0.08 0.0845522 0.352581 0.750082 
0.3 0.229834 0.251591 0.705902 
0.06 0.00653193 0.37055 0.797191 
0.1 0.0680046 0.346121 0.727784 
0.04 0.0158004 0.3703 0.797191 
0.04 0.0107926 0.373629 0.797191 
0.2 0.176332 0.289816 0.69375 
0.08 0.0346064 0.352495 0.831761 
0.12 0.0305464 0.349423 0.769655 
0.14 0.0753264 0.333279 0.705902 
0.12 0.0337483 0.338593 0.813498 
0.12 0.0802189 0.329884 0.759089 
0.14 0.0930565 0.319241 0.748609 
0.16 0.072244 0.31019 0.769655 
0.2 0.0680815 0.306612 0.755309 
0.1 0.0465176 0.337791 0.769655 
0.24 0.111162 0.280607 0.755309 
0.3 0.211481 0.252527 0.804351 
0.08 0.0291461 0.355915 0.769655 
0.14 0.0473714 0.325037 0.813498 
0.08 0.0237754 0.364165 0.746574 
0.16 0.108076 0.305231 0.765254 
0.08 0.0136487 0.357337 0.831761 
0.2 0.153372 0.285105 0.765254 
0.08 0.0210601 0.356435 0.831761 
0.22 0.0690293 0.322605 0.715137 
0.1 0.0246463 0.361298 0.727784 
0.08 0.0385427 0.344292 0.769655 
0.16 0.0589069 0.322999 0.727784 
0.06 0.0187676 0.360968 0.797191 
0.22 0.104101 0.287926 0.82815 
0.32 0.30566 0.243365 0.867884 
0.12 0.0586422 0.329106 0.769655 
0.16 0.0849279 0.307219 0.765254 
0.1 0.02813 0.341325 0.813498 
0.14 0.076953 0.318589 0.765254 
0.12 0.0470811 0.334731 0.759089 
0.18 0.0761589 0.30948 0.733673 
0.12 0.0326767 0.341233 0.850942 
0.16 0.121596 0.311751 0.705902 
0.12 0.059146 0.377142 0.698617 
0.04 0.00596839 0.372687 0.831761 
0.06 0.0166586 0.37634 0.746574 
0.08 0.0136487 0.357337 0.831761 
0.14 0.0930565 0.319241 0.748609 
0.06 0.0166586 0.37634 0.746574 
0.1 0.02813 0.341325 0.813498 
0.3 0.211481 0.252527 0.804351 
0.1 0.0246463 0.361298 0.727784 
0.06 0.0187676 0.360968 0.797191 
0.16 0.121596 0.311751 0.705902 
0.08 0.0237754 0.364165 0.746574 
0.04 0.0158004 0.3703 0.797191 
0.04 0.0107926 0.373629 0.797191 
0.16 0.072244 0.31019 0.769655 
0.08 0.0385427 0.344292 0.769655 
0.18 0.0761589 0.30948 0.733673 
0.12 0.0802189 0.329884 0.759089 
0.12 0.0470811 0.334731 0.759089 
0.22 0.117566 0.296207 0.69375 
0.32 0.30566 0.243365 0.867884 
0.12 0.0337483 0.338593 0.813498 
0.06 0.00653193 0.37055 0.797191 
0.14 0.076953 0.318589 0.765254 
0.14 0.0778111 0.316219 0.892848 
0.08 0.0845522 0.352581 0.750082 
0.14 0.0753264 0.333279 0.705902 
0.22 0.0690293 0.322605 0.715137 
0.12 0.059146 0.377142 0.698617 
0.16 0.0589069 0.322999 0.727784 
0.1 0.0465176 0.337791 0.769655 
0.3 0.229834 0.251591 0.705902 
0.12 0.0326767 0.341233 0.850942 
0.24 0.111162 0.280607 0.755309 
0.08 0.0210601 0.356435 0.831761 
0.2 0.0680815 0.306612 0.755309 
0.16 0.108076 0.305231 0.765254 
0.14 0.0473714 0.325037 0.813498 
0.22 0.104101 0.287926 0.82815 
0.2 0.176332 0.289816 0.69375 
0.08 0.0346064 0.352495 0.831761 
0.12 0.0586422 0.329106 0.769655 
0.04 0.00596839 0.372687 0.831761 
0.12 0.0305464 0.349423 0.769655 
0.16 0.0849279 0.307219 0.765254 
0.2 0.153372 0.285105 0.765254 
0.12 0.046223 0.336765 0.727784 
0.1 0.0680046 0.346121 0.727784 
0.08 0.0291461 0.355915 0.769655 
0.08 0.0385427 0.344292 0.769655 
0.24 0.111162 0.280607 0.755309 
0.12 0.046223 0.336765 0.727784 
0.12 0.0305464 0.349423 0.769655 
0.04 0.00596839 0.372687 0.831761 
0.2 0.176332 0.289816 0.69375 
0.32 0.30566 0.243365 0.867884 
0.12 0.0586422 0.329106 0.769655 
0.16 0.0589069 0.322999 0.727784 
0.2 0.153372 0.285105 0.765254 
0.16 0.072244 0.31019 0.769655 
0.22 0.104101 0.287926 0.82815 
0.14 0.0778111 0.316219 0.892848 
0.1 0.0465176 0.337791 0.769655 
0.2 0.0680815 0.306612 0.755309 
0.06 0.00653193 0.37055 0.797191 
0.22 0.0690293 0.322605 0.715137 
0.1 0.0246463 0.361298 0.727784 
0.1 0.0680046 0.346121 0.727784 
0.3 0.229834 0.251591 0.705902 
0.08 0.0136487 0.357337 0.831761 
0.06 0.0187676 0.360968 0.797191 
0.04 0.0107926 0.373629 0.797191 
0.12 0.0470811 0.334731 0.759089 
0.14 0.076953 0.318589 0.765254 
0.18 0.0761589 0.30948 0.733673 
0.06 0.0166586 0.37634 0.746574 
0.14 0.0930565 0.319241 0.748609 
0.14 0.0473714 0.325037 0.813498 
0.08 0.0845522 0.352581 0.750082 
0.04 0.0158004 0.3703 0.797191 
0.08 0.0291461 0.355915 0.769655 
0.08 0.0210601 0.356435 0.831761 
0.16 0.0849279 0.307219 0.765254 
0.12 0.0337483 0.338593 0.813498 
0.12 0.0326767 0.341233 0.850942 
0.3 0.211481 0.252527 0.804351 
0.14 0.0753264 0.333279 0.705902 
0.12 0.059146 0.377142 0.698617 
0.1 0.02813 0.341325 0.813498 
0.08 0.0237754 0.364165 0.746574 
0.16 0.108076 0.305231 0.765254 
0.16 0.121596 0.311751 0.705902 
0.12 0.0802189 0.329884 0.759089 
0.22 0.117566 0.296207 0.69375 
0.08 0.0346064 0.352495 0.831761 
0.22 0.104101 0.287926 0.82815 
0.12 0.0326767 0.341233 0.850942 
0.14 0.0473714 0.325037 0.813498 
0.08 0.0291461 0.355915 0.769655 
0.12 0.0470811 0.334731 0.759089 
0.08 0.0385427 0.344292 0.769655 
0.16 0.072244 0.31019 0.769655 
0.1 0.0680046 0.346121 0.727784 
0.04 0.0107926 0.373629 0.797191 
0.08 0.0845522 0.352581 0.750082 
0.3 0.211481 0.252527 0.804351 
0.12 0.0337483 0.338593 0.813498 
0.04 0.0158004 0.3703 0.797191 
0.08 0.0237754 0.364165 0.746574 
0.16 0.108076 0.305231 0.765254 
0.14 0.0930565 0.319241 0.748609 
0.08 0.0210601 0.356435 0.831761 
0.1 0.0465176 0.337791 0.769655 
0.3 0.229834 0.251591 0.705902 
0.04 0.00596839 0.372687 0.831761 
0.14 0.076953 0.318589 0.765254 
0.1 0.0246463 0.361298 0.727784 
0.16 0.0849279 0.307219 0.765254 
0.32 0.30566 0.243365 0.867884 
0.12 0.0802189 0.329884 0.759089 
0.2 0.176332 0.289816 0.69375 
0.08 0.0136487 0.357337 0.831761 
0.12 0.0586422 0.329106 0.769655 
0.14 0.0778111 0.316219 0.892848 
0.24 0.111162 0.280607 0.755309 
0.16 0.121596 0.311751 0.705902 
0.08 0.0346064 0.352495 0.831761 
0.06 0.00653193 0.37055 0.797191 
0.2 0.153372 0.285105 0.765254 
0.16 0.0589069 0.322999 0.727784 
0.12 0.059146 0.377142 0.698617 
0.22 0.0690293 0.322605 0.715137 
0.22 0.117566 0.296207 0.69375 
0.12 0.046223 0.336765 0.727784 
0.14 0.0753264 0.333279 0.705902 
0.1 0.02813 0.341325 0.813498 
0.18 0.0761589 0.30948 0.733673 
0.06 0.0187676 0.360968 0.797191 
0.2 0.0680815 0.306612 0.755309 
0.06 0.0166586 0.37634 0.746574 
0.12 0.0305464 0.349423 0.769655 
0.06 0.0187676 0.360968 0.797191 
0.14 0.0753264 0.333279 0.705902 
0.08 0.0237754 0.364165 0.746574 
0.24 0.111162 0.280607 0.755309 
0.12 0.0337483 0.338593 0.813498 
0.08 0.0845522 0.352581 0.750082 
0.14 0.0473714 0.325037 0.813498 
0.12 0.046223 0.336765 0.727784 
0.16 0.121596 0.311751 0.705902 
0.16 0.108076 0.305231 0.765254 
0.06 0.0166586 0.37634 0.746574 
0.32 0.30566 0.243365 0.867884 
0.2 0.0680815 0.306612 0.755309 
0.14 0.0930565 0.319241 0.748609 
0.3 0.211481 0.252527 0.804351 
0.08 0.0210601 0.356435 0.831761 
0.04 0.00596839 0.372687 0.831761 
0.12 0.0802189 0.329884 0.759089 
0.12 0.0305464 0.349423 0.769655 
0.08 0.0385427 0.344292 0.769655 
0.06 0.00653193 0.37055 0.797191 
0.18 0.0761589 0.30948 0.733673 
0.04 0.0158004 0.3703 0.797191 
0.22 0.0690293 0.322605 0.715137 
0.16 0.072244 0.31019 0.769655 
0.08 0.0346064 0.352495 0.831761 
0.1 0.0246463 0.361298 0.727784 
0.16 0.0849279 0.307219 0.765254 
0.12 0.0586422 0.329106 0.769655 
0.1 0.0680046 0.346121 0.727784 
0.22 0.117566 0.296207 0.69375 
0.08 0.0136487 0.357337 0.831761 
0.3 0.229834 0.251591 0.705902 
0.2 0.176332 0.289816 0.69375 
0.22 0.104101 0.287926 0.82815 
0.2 0.153372 0.285105 0.765254 
0.14 0.076953 0.318589 0.765254 
0.1 0.02813 0.341325 0.813498 
0.12 0.059146 0.377142 0.698617 
0.08 0.0291461 0.355915 0.769655 
0.12 0.0326767 0.341233 0.850942 
0.14 0.0778111 0.316219 0.892848 
0.16 0.0589069 0.322999 0.727784 
0.04 0.0107926 0.373629 0.797191 
0.1 0.0465176 0.337791 0.769655 
0.12 0.0470811 0.334731 0.759089 
0.1 0.02813 0.341325 0.813498 
0.08 0.0237754 0.364165 0.746574 
0.12 0.046223 0.336765 0.727784 
0.22 0.104101 0.287926 0.82815 
0.08 0.0845522 0.352581 0.750082 
0.22 0.0690293 0.322605 0.715137 
0.12 0.0802189 0.329884 0.759089 
0.14 0.0473714 0.325037 0.813498 
0.14 0.076953 0.318589 0.765254 
0.04 0.00596839 0.372687 0.831761 
0.12 0.0326767 0.341233 0.850942 
0.06 0.0187676 0.360968 0.797191 
0.08 0.0136487 0.357337 0.831761 
0.14 0.0930565 0.319241 0.748609 
0.32 0.30566 0.243365 0.867884 
0.24 0.111162 0.280607 0.755309 
0.06 0.00653193 0.37055 0.797191 
0.2 0.0680815 0.306612 0.755309 
0.12 0.0337483 0.338593 0.813498 
0.16 0.0849279 0.307219 0.765254 
0.08 0.0346064 0.352495 0.831761 
0.16 0.072244 0.31019 0.769655 
0.04 0.0158004 0.3703 0.797191 
0.18 0.0761589 0.30948 0.733673 
0.14 0.0753264 0.333279 0.705902 
0.2 0.153372 0.285105 0.765254 
0.16 0.121596 0.311751 0.705902 
0.1 0.0246463 0.361298 0.727784 
0.12 0.0305464 0.349423 0.769655 
0.04 0.0107926 0.373629 0.797191 
0.1 0.0465176 0.337791 0.769655 
0.22 0.117566 0.296207 0.69375 
0.08 0.0210601 0.356435 0.831761 
0.3 0.211481 0.252527 0.804351 
0.06 0.0166586 0.37634 0.746574 
0.1 0.0680046 0.346121 0.727784 
0.3 0.229834 0.251591 0.705902 
0.12 0.0470811 0.334731 0.759089 
0.2 0.176332 0.289816 0.69375 
0.16 0.108076 0.305231 0.765254 
0.12 0.0586422 0.329106 0.769655 
0.14 0.0778111 0.316219 0.892848 
0.08 0.0385427 0.344292 0.769655 
0.12 0.059146 0.377142 0.698617 
0.08 0.0291461 0.355915 0.769655 
0.16 0.0589069 0.322999 0.727784 
0.14 0.0473714 0.325037 0.813498 
0.08 0.0291461 0.355915 0.769655 
0.08 0.0385427 0.344292 0.769655 
0.08 0.0346064 0.352495 0.831761 
0.16 0.0849279 0.307219 0.765254 
0.24 0.111162 0.280607 0.755309 
0.18 0.0761589 0.30948 0.733673 
0.04 0.0158004 0.3703 0.797191 
0.14 0.0778111 0.316219 0.892848 
0.12 0.0337483 0.338593 0.813498 
0.12 0.046223 0.336765 0.727784 
0.3 0.211481 0.252527 0.804351 
0.22 0.104101 0.287926 0.82815 
0.1 0.0465176 0.337791 0.769655 
0.08 0.0210601 0.356435 0.831761 
0.14 0.0753264 0.333279 0.705902 
0.1 0.02813 0.341325 0.813498 
0.12 0.059146 0.377142 0.698617 
0.04 0.00596839 0.372687 0.831761 
0.12 0.0326767 0.341233 0.850942 
0.12 0.0586422 0.329106 0.769655 
0.3 0.229834 0.251591 0.705902 
0.16 0.108076 0.305231 0.765254 
0.2 0.153372 0.285105 0.765254 
0.04 0.0107926 0.373629 0.797191 
0.14 0.0930565 0.319241 0.748609 
0.16 0.121596 0.311751 0.705902 
0.22 0.0690293 0.322605 0.715137 
0.12 0.0802189 0.329884 0.759089 
0.2 0.176332 0.289816 0.69375 
0.12 0.0470811 0.334731 0.759089 
0.2 0.0680815 0.306612 0.755309 
0.16 0.072244 0.31019 0.769655 
0.06 0.00653193 0.37055 0.797191 
0.08 0.0237754 0.364165 0.746574 
0.06 0.0187676 0.360968 0.797191 
0.1 0.0680046 0.346121 0.727784 
0.14 0.076953 0.318589 0.765254 
0.22 0.117566 0.296207 0.69375 
0.32 0.30566 0.243365 0.867884 
0.16 0.0589069 0.322999 0.727784 
0.08 0.0845522 0.352581 0.750082 
0.06 0.0166586 0.37634 0.746574 
0.12 0.0305464 0.349423 0.769655 
0.08 0.0136487 0.357337 0.831761 
0.1 0.0246463 0.361298 0.727784 
0.3 0.229834 0.251591 0.705902 
0.1 0.02813 0.341325 0.813498 
0.1 0.0246463 0.361298 0.727784 
0.2 0.153372 0.285105 0.765254 
0.2 0.176332 0.289816 0.69375 
0.16 0.0849279 0.307219 0.765254 
0.32 0.30566 0.243365 0.867884 
0.16 0.121596 0.311751 0.705902 
0.12 0.0337483 0.338593 0.813498 
0.22 0.0690293 0.322605 0.715137 
0.06 0.0187676 0.360968 0.797191 
0.08 0.0210601 0.356435 0.831761 
0.3 0.211481 0.252527 0.804351 
0.14 0.0753264 0.333279 0.705902 
0.08 0.0385427 0.344292 0.769655 
0.08 0.0291461 0.355915 0.769655 
0.16 0.072244 0.31019 0.769655 
0.12 0.0802189 0.329884 0.759089 
0.08 0.0136487 0.357337 0.831761 
0.14 0.076953 0.318589 0.765254 
