0.08 0.0301237 0.347268 0.82265 
0.06 0.0166586 0.365349 0.769655 
0.28 0.196022 0.255849 0.82265 
0.14 0.0472177 0.323233 0.750082 
0.18 0.0646191 0.303002 0.82265 
0.1 0.040451 0.33112 0.836582 
0.12 0.0586422 0.320755 0.769655 
0.22 0.143237 0.275246 0.82265 
0.1 0.0619124 0.320802 0.92651 
0.14 0.0517047 0.325122 0.705902 
0.1 0.0892099 0.333666 0.755309 
0.12 0.0386622 0.328601 0.79729 
0.12 0.0301835 0.335372 0.843572 
0.26 0.14754 0.268384 0.82265 
0.12 0.0658999 0.320488 0.769655 
0.32 0.181353 0.254351 0.755309 
0.08 0.0539375 0.331312 0.92651 
0.26 0.180943 0.264806 0.705902 
0.28 0.13244 0.269308 0.755309 
0.08 0.021645 0.367326 0.70965 
0.14 0.0717445 0.310144 0.811438 
0.1 0.0317503 0.341435 0.769655 
0.16 0.0443616 0.321522 0.707562 
0.12 0.0726026 0.318034 0.92651 
0.08 0.0115184 0.365566 0.836582 
0.22 0.116926 0.279629 0.82265 
0.2 0.0756551 0.298946 0.750082 
0.12 0.0301835 0.340392 0.70965 
0.36 0.314374 0.247905 0.705902 
0.08 0.0381798 0.345826 0.769655 
0.1 0.0431662 0.344833 0.721599 
0.14 0.0596924 0.305076 0.82265 
0.18 0.0649649 0.30793 0.707562 
0.16 0.0745793 0.300601 0.82265 
0.04 0.00596839 0.384441 0.865519 
0.08 0.0237754 0.354687 0.769655 
0.1 0.0185797 0.353618 0.70965 
0.14 0.0373003 0.323611 0.82265 
0.08 0.0115184 0.354603 0.886148 
0.14 0.0601834 0.315943 0.750082 
0.26 0.234987 0.259947 0.94827 
0.2 0.17296 0.276681 0.82265 
0.12 0.0386622 0.332352 0.820905 
0.18 0.105309 0.287335 0.82265 
0.1 0.0186352 0.353056 0.836582 
0.14 0.0893636 0.321667 0.721599 
0.06 0.0139433 0.373421 0.848207 
0.14 0.0932059 0.302581 0.92651 
0.1 0.0465176 0.330487 0.769655 
0.08 0.0324761 0.347481 0.761731 
0.1 0.0306873 0.344181 0.820905 
0.12 0.0360409 0.332359 0.867884 
0.1 0.0330396 0.335031 0.755309 
0.14 0.0373003 0.328047 0.748614 
0.12 0.0808721 0.315635 0.769655 
0.08 0.0324761 0.34249 0.836582 
0.2 0.0904779 0.294883 0.705902 
0.18 0.128918 0.296533 0.721599 
0.36 0.370873 0.22618 0.92651 
0.2 0.0875748 0.288508 0.82265 
0.16 0.103337 0.296413 0.769655 
0.14 0.0893636 0.321667 0.721599 
0.08 0.0301237 0.347268 0.82265 
0.1 0.0306873 0.344181 0.820905 
0.18 0.0646191 0.303002 0.82265 
0.14 0.0517047 0.325122 0.705902 
0.18 0.0649649 0.30793 0.707562 
0.04 0.00596839 0.384441 0.865519 
0.26 0.180943 0.264806 0.705902 
0.12 0.0658999 0.320488 0.769655 
0.1 0.0892099 0.333666 0.755309 
0.12 0.0386622 0.332352 0.820905 
0.18 0.128918 0.296533 0.721599 
0.2 0.0875748 0.288508 0.82265 
0.1 0.0619124 0.320802 0.92651 
0.14 0.0373003 0.323611 0.82265 
0.36 0.370873 0.22618 0.92651 
0.12 0.0386622 0.328601 0.79729 
0.08 0.0115184 0.354603 0.886148 
0.06 0.0166586 0.365349 0.769655 
0.14 0.0717445 0.310144 0.811438 
0.08 0.0237754 0.354687 0.769655 
0.18 0.105309 0.287335 0.82265 
0.1 0.040451 0.33112 0.836582 
0.16 0.0745793 0.300601 0.82265 
0.22 0.143237 0.275246 0.82265 
0.28 0.13244 0.269308 0.755309 
0.12 0.0726026 0.318034 0.92651 
0.14 0.0601834 0.315943 0.750082 
0.12 0.0808721 0.315635 0.769655 
0.2 0.17296 0.276681 0.82265 
0.1 0.0330396 0.335031 0.755309 
0.28 0.196022 0.255849 0.82265 
0.1 0.0186352 0.353056 0.836582 
0.14 0.0932059 0.302581 0.92651 
0.1 0.0431662 0.344833 0.721599 
0.2 0.0904779 0.294883 0.705902 
0.12 0.0301835 0.335372 0.843572 
0.08 0.0381798 0.345826 0.769655 
0.26 0.14754 0.268384 0.82265 
0.26 0.234987 0.259947 0.94827 
0.08 0.021645 0.367326 0.70965 
0.08 0.0324761 0.347481 0.761731 
0.08 0.0115184 0.365566 0.836582 
0.1 0.0465176 0.330487 0.769655 
0.08 0.0324761 0.34249 0.836582 
0.16 0.0443616 0.321522 0.707562 
0.1 0.0185797 0.353618 0.70965 
0.08 0.0539375 0.331312 0.92651 
0.1 0.0317503 0.341435 0.769655 
0.12 0.0586422 0.320755 0.769655 
0.32 0.181353 0.254351 0.755309 
0.12 0.0360409 0.332359 0.867884 
0.22 0.116926 0.279629 0.82265 
0.06 0.0139433 0.373421 0.848207 
0.14 0.0373003 0.328047 0.748614 
0.14 0.0472177 0.323233 0.750082 
0.36 0.314374 0.247905 0.705902 
0.2 0.0756551 0.298946 0.750082 
0.12 0.0301835 0.340392 0.70965 
0.14 0.0596924 0.305076 0.82265 
0.16 0.103337 0.296413 0.769655 
0.18 0.0649649 0.30793 0.707562 
0.1 0.0306873 0.344181 0.820905 
0.18 0.0646191 0.303002 0.82265 
0.16 0.0745793 0.300601 0.82265 
0.12 0.0301835 0.335372 0.843572 
0.14 0.0517047 0.325122 0.705902 
0.08 0.0324761 0.34249 0.836582 
0.14 0.0472177 0.323233 0.750082 
0.1 0.0185797 0.353618 0.70965 
0.36 0.314374 0.247905 0.705902 
0.26 0.180943 0.264806 0.705902 
0.12 0.0386622 0.328601 0.79729 
0.16 0.0443616 0.321522 0.707562 
0.08 0.0381798 0.345826 0.769655 
0.06 0.0166586 0.365349 0.769655 
0.1 0.0431662 0.344833 0.721599 
0.26 0.234987 0.259947 0.94827 
0.14 0.0717445 0.310144 0.811438 
0.1 0.0619124 0.320802 0.92651 
0.14 0.0373003 0.328047 0.748614 
0.2 0.17296 0.276681 0.82265 
0.18 0.128918 0.296533 0.721599 
0.22 0.143237 0.275246 0.82265 
0.12 0.0726026 0.318034 0.92651 
0.08 0.0324761 0.347481 0.761731 
0.1 0.040451 0.33112 0.836582 
0.08 0.0237754 0.354687 0.769655 
0.1 0.0317503 0.341435 0.769655 
0.14 0.0893636 0.321667 0.721599 
0.28 0.196022 0.255849 0.82265 
0.1 0.0330396 0.335031 0.755309 
0.14 0.0601834 0.315943 0.750082 
0.2 0.0756551 0.298946 0.750082 
0.04 0.00596839 0.384441 0.865519 
0.08 0.0115184 0.354603 0.886148 
0.2 0.0875748 0.288508 0.82265 
0.12 0.0360409 0.332359 0.867884 
0.36 0.370873 0.22618 0.92651 
0.14 0.0932059 0.302581 0.92651 
0.06 0.0139433 0.373421 0.848207 
0.26 0.14754 0.268384 0.82265 
0.12 0.0386622 0.332352 0.820905 
0.18 0.105309 0.287335 0.82265 
0.1 0.0186352 0.353056 0.836582 
0.14 0.0596924 0.305076 0.82265 
0.12 0.0658999 0.320488 0.769655 
0.14 0.0373003 0.323611 0.82265 
0.12 0.0586422 0.320755 0.769655 
0.08 0.021645 0.367326 0.70965 
0.22 0.116926 0.279629 0.82265 
0.08 0.0539375 0.331312 0.92651 
0.12 0.0808721 0.315635 0.769655 
0.08 0.0301237 0.347268 0.82265 
0.08 0.0115184 0.365566 0.836582 
0.16 0.103337 0.296413 0.769655 
0.32 0.181353 0.254351 0.755309 
0.12 0.0301835 0.340392 0.70965 
0.2 0.0904779 0.294883 0.705902 
0.28 0.13244 0.269308 0.755309 
0.1 0.0465176 0.330487 0.769655 
0.1 0.0892099 0.333666 0.755309 
0.28 0.13244 0.269308 0.755309 
0.08 0.0381798 0.345826 0.769655 
0.12 0.0301835 0.340392 0.70965 
0.14 0.0517047 0.325122 0.705902 
0.1 0.0330396 0.335031 0.755309 
0.08 0.0115184 0.354603 0.886148 
0.18 0.128918 0.296533 0.721599 
0.18 0.0649649 0.30793 0.707562 
0.1 0.0186352 0.353056 0.836582 
0.12 0.0386622 0.332352 0.820905 
0.36 0.370873 0.22618 0.92651 
0.14 0.0932059 0.302581 0.92651 
0.12 0.0808721 0.315635 0.769655 
0.08 0.0539375 0.331312 0.92651 
0.1 0.0306873 0.344181 0.820905 
0.16 0.0745793 0.300601 0.82265 
0.06 0.0166586 0.365349 0.769655 
0.14 0.0373003 0.323611 0.82265 
0.1 0.0431662 0.344833 0.721599 
0.1 0.0317503 0.341435 0.769655 
0.08 0.0115184 0.365566 0.836582 
0.2 0.0756551 0.298946 0.750082 
0.12 0.0386622 0.328601 0.79729 
0.12 0.0301835 0.335372 0.843572 
0.08 0.0324761 0.347481 0.761731 
0.18 0.0646191 0.303002 0.82265 
0.12 0.0726026 0.318034 0.92651 
0.1 0.0185797 0.353618 0.70965 
0.14 0.0596924 0.305076 0.82265 
0.12 0.0658999 0.320488 0.769655 
0.12 0.0586422 0.320755 0.769655 
0.1 0.0465176 0.330487 0.769655 
0.36 0.314374 0.247905 0.705902 
0.1 0.0619124 0.320802 0.92651 
0.28 0.196022 0.255849 0.82265 
0.04 0.00596839 0.384441 0.865519 
0.14 0.0893636 0.321667 0.721599 
0.26 0.14754 0.268384 0.82265 
0.08 0.0324761 0.34249 0.836582 
0.22 0.116926 0.279629 0.82265 
0.1 0.0892099 0.333666 0.755309 
0.2 0.17296 0.276681 0.82265 
0.08 0.021645 0.367326 0.70965 
0.12 0.0360409 0.332359 0.867884 
0.14 0.0472177 0.323233 0.750082 
0.1 0.040451 0.33112 0.836582 
0.2 0.0904779 0.294883 0.705902 
0.14 0.0601834 0.315943 0.750082 
0.22 0.143237 0.275246 0.82265 
0.32 0.181353 0.254351 0.755309 
0.16 0.103337 0.296413 0.769655 
0.16 0.0443616 0.321522 0.707562 
0.14 0.0373003 0.328047 0.748614 
0.18 0.105309 0.287335 0.82265 
0.08 0.0301237 0.347268 0.82265 
0.08 0.0237754 0.354687 0.769655 
0.26 0.234987 0.259947 0.94827 
0.26 0.180943 0.264806 0.705902 
0.2 0.0875748 0.288508 0.82265 
0.14 0.0717445 0.310144 0.811438 
0.06 0.0139433 0.373421 0.848207 
0.36 0.314374 0.247905 0.705902 
0.12 0.0658999 0.320488 0.769655 
0.08 0.0324761 0.347481 0.761731 
0.12 0.0726026 0.318034 0.92651 
0.26 0.234987 0.259947 0.94827 
0.1 0.0306873 0.344181 0.820905 
0.16 0.0443616 0.321522 0.707562 
0.1 0.0330396 0.335031 0.755309 
0.08 0.0115184 0.365566 0.836582 
0.14 0.0373003 0.323611 0.82265 
0.26 0.180943 0.264806 0.705902 
0.1 0.0185797 0.353618 0.70965 
0.12 0.0386622 0.332352 0.820905 
0.08 0.0237754 0.354687 0.769655 
0.36 0.370873 0.22618 0.92651 
0.18 0.0649649 0.30793 0.707562 
0.28 0.13244 0.269308 0.755309 
0.1 0.0465176 0.330487 0.769655 
0.14 0.0601834 0.315943 0.750082 
0.14 0.0517047 0.325122 0.705902 
0.08 0.0301237 0.347268 0.82265 
0.14 0.0893636 0.321667 0.721599 
0.06 0.0139433 0.373421 0.848207 
0.08 0.0324761 0.34249 0.836582 
0.1 0.040451 0.33112 0.836582 
0.06 0.0166586 0.365349 0.769655 
0.04 0.00596839 0.384441 0.865519 
0.08 0.0381798 0.345826 0.769655 
0.14 0.0717445 0.310144 0.811438 
0.26 0.14754 0.268384 0.82265 
0.2 0.0756551 0.298946 0.750082 
0.1 0.0186352 0.353056 0.836582 
0.08 0.0115184 0.354603 0.886148 
0.14 0.0932059 0.302581 0.92651 
0.12 0.0386622 0.328601 0.79729 
0.08 0.021645 0.367326 0.70965 
0.32 0.181353 0.254351 0.755309 
0.28 0.196022 0.255849 0.82265 
0.18 0.128918 0.296533 0.721599 
0.1 0.0431662 0.344833 0.721599 
0.22 0.116926 0.279629 0.82265 
0.14 0.0373003 0.328047 0.748614 
0.18 0.105309 0.287335 0.82265 
0.12 0.0301835 0.340392 0.70965 
0.12 0.0808721 0.315635 0.769655 
0.12 0.0586422 0.320755 0.769655 
0.08 0.0539375 0.331312 0.92651 
0.12 0.0301835 0.335372 0.843572 
0.1 0.0619124 0.320802 0.92651 
0.2 0.0904779 0.294883 0.705902 
0.1 0.0892099 0.333666 0.755309 
0.1 0.0317503 0.341435 0.769655 
0.12 0.0360409 0.332359 0.867884 
0.18 0.0646191 0.303002 0.82265 
0.16 0.103337 0.296413 0.769655 
0.14 0.0596924 0.305076 0.82265 
0.14 0.0472177 0.323233 0.750082 
0.22 0.143237 0.275246 0.82265 
0.16 0.0745793 0.300601 0.82265 
0.2 0.0875748 0.288508 0.82265 
0.2 0.17296 0.276681 0.82265 
0.22 0.143237 0.275246 0.82265 
0.16 0.0745793 0.300601 0.82265 
0.26 0.234987 0.259947 0.94827 
0.14 0.0596924 0.305076 0.82265 
0.14 0.0932059 0.302581 0.92651 
0.12 0.0386622 0.328601 0.79729 
0.04 0.00596839 0.384441 0.865519 
0.14 0.0601834 0.315943 0.750082 
0.22 0.116926 0.279629 0.82265 
0.12 0.0726026 0.318034 0.92651 
0.1 0.0431662 0.344833 0.721599 
0.14 0.0472177 0.323233 0.750082 
0.1 0.040451 0.33112 0.836582 
0.08 0.0324761 0.347481 0.761731 
0.14 0.0517047 0.325122 0.705902 
0.14 0.0373003 0.328047 0.748614 
0.1 0.0186352 0.353056 0.836582 
0.2 0.0875748 0.288508 0.82265 
0.08 0.021645 0.367326 0.70965 
0.18 0.105309 0.287335 0.82265 
0.08 0.0115184 0.354603 0.886148 
0.1 0.0619124 0.320802 0.92651 
0.18 0.128918 0.296533 0.721599 
0.14 0.0717445 0.310144 0.811438 
0.16 0.103337 0.296413 0.769655 
0.08 0.0237754 0.354687 0.769655 
0.12 0.0586422 0.320755 0.769655 
0.08 0.0324761 0.34249 0.836582 
0.1 0.0465176 0.330487 0.769655 
0.12 0.0386622 0.332352 0.820905 
0.06 0.0139433 0.373421 0.848207 
0.12 0.0658999 0.320488 0.769655 
0.08 0.0381798 0.345826 0.769655 
0.28 0.13244 0.269308 0.755309 
0.14 0.0373003 0.323611 0.82265 
0.36 0.314374 0.247905 0.705902 
0.08 0.0539375 0.331312 0.92651 
0.2 0.0756551 0.298946 0.750082 
0.08 0.0115184 0.365566 0.836582 
0.12 0.0301835 0.340392 0.70965 
0.14 0.0893636 0.321667 0.721599 
0.1 0.0330396 0.335031 0.755309 
0.26 0.14754 0.268384 0.82265 
0.2 0.0904779 0.294883 0.705902 
0.1 0.0317503 0.341435 0.769655 
0.26 0.180943 0.264806 0.705902 
0.28 0.196022 0.255849 0.82265 
0.18 0.0646191 0.303002 0.82265 
0.08 0.0301237 0.347268 0.82265 
0.06 0.0166586 0.365349 0.769655 
0.2 0.17296 0.276681 0.82265 
0.1 0.0185797 0.353618 0.70965 
0.36 0.370873 0.22618 0.92651 
0.18 0.0649649 0.30793 0.707562 
0.16 0.0443616 0.321522 0.707562 
0.32 0.181353 0.254351 0.755309 
0.12 0.0360409 0.332359 0.867884 
0.12 0.0301835 0.335372 0.843572 
0.1 0.0892099 0.333666 0.755309 
0.1 0.0306873 0.344181 0.820905 
0.12 0.0808721 0.315635 0.769655 
0.18 0.0649649 0.30793 0.707562 
0.08 0.0539375 0.331312 0.92651 
0.14 0.0373003 0.323611 0.82265 
0.12 0.0586422 0.320755 0.769655 
0.14 0.0596924 0.305076 0.82265 
0.14 0.0373003 0.328047 0.748614 
0.12 0.0301835 0.335372 0.843572 
0.36 0.314374 0.247905 0.705902 
0.08 0.0115184 0.354603 0.886148 
0.08 0.0324761 0.34249 0.836582 
0.06 0.0166586 0.365349 0.769655 
0.08 0.021645 0.367326 0.70965 
0.12 0.0386622 0.332352 0.820905 
0.16 0.0443616 0.321522 0.707562 
0.18 0.105309 0.287335 0.82265 
0.1 0.0465176 0.330487 0.769655 
0.22 0.116926 0.279629 0.82265 
0.26 0.180943 0.264806 0.705902 
0.14 0.0472177 0.323233 0.750082 
0.12 0.0386622 0.328601 0.79729 
0.14 0.0932059 0.302581 0.92651 
0.26 0.14754 0.268384 0.82265 
0.26 0.234987 0.259947 0.94827 
0.08 0.0324761 0.347481 0.761731 
0.1 0.0186352 0.353056 0.836582 
0.1 0.0306873 0.344181 0.820905 
0.1 0.0317503 0.341435 0.769655 
0.14 0.0517047 0.325122 0.705902 
0.1 0.040451 0.33112 0.836582 
0.12 0.0726026 0.318034 0.92651 
0.16 0.0745793 0.300601 0.82265 
0.1 0.0330396 0.335031 0.755309 
0.22 0.143237 0.275246 0.82265 
0.18 0.128918 0.296533 0.721599 
0.08 0.0115184 0.365566 0.836582 
0.28 0.196022 0.255849 0.82265 
0.32 0.181353 0.254351 0.755309 
0.14 0.0601834 0.315943 0.750082 
0.12 0.0808721 0.315635 0.769655 
0.16 0.103337 0.296413 0.769655 
0.2 0.0875748 0.288508 0.82265 
0.14 0.0717445 0.310144 0.811438 
0.2 0.0904779 0.294883 0.705902 
0.1 0.0619124 0.320802 0.92651 
0.2 0.0756551 0.298946 0.750082 
0.12 0.0301835 0.340392 0.70965 
0.1 0.0892099 0.333666 0.755309 
0.14 0.0893636 0.321667 0.721599 
0.1 0.0431662 0.344833 0.721599 
0.36 0.370873 0.22618 0.92651 
0.1 0.0185797 0.353618 0.70965 
0.06 0.0139433 0.373421 0.848207 
0.04 0.00596839 0.384441 0.865519 
0.08 0.0381798 0.345826 0.769655 
0.2 0.17296 0.276681 0.82265 
0.12 0.0360409 0.332359 0.867884 
0.08 0.0301237 0.347268 0.82265 
0.12 0.0658999 0.320488 0.769655 
0.18 0.0646191 0.303002 0.82265 
0.28 0.13244 0.269308 0.755309 
0.08 0.0237754 0.354687 0.769655 
0.18 0.0649649 0.30793 0.707562 
0.26 0.14754 0.268384 0.82265 
0.12 0.0386622 0.328601 0.79729 
0.18 0.105309 0.287335 0.82265 
0.14 0.0373003 0.328047 0.748614 
0.16 0.103337 0.296413 0.769655 
0.1 0.0892099 0.333666 0.755309 
0.04 0.00596839 0.384441 0.865519 
0.2 0.17296 0.276681 0.82265 
0.1 0.0431662 0.344833 0.721599 
0.08 0.0539375 0.331312 0.92651 
0.14 0.0373003 0.323611 0.82265 
0.08 0.0301237 0.347268 0.82265 
0.08 0.0237754 0.354687 0.769655 
0.12 0.0726026 0.318034 0.92651 
0.14 0.0517047 0.325122 0.705902 
0.08 0.0115184 0.365566 0.836582 
0.08 0.0381798 0.345826 0.769655 
0.18 0.0646191 0.303002 0.82265 
0.1 0.0330396 0.335031 0.755309 
0.1 0.040451 0.33112 0.836582 
0.2 0.0904779 0.294883 0.705902 
0.32 0.181353 0.254351 0.755309 
0.28 0.13244 0.269308 0.755309 
0.26 0.180943 0.264806 0.705902 
0.06 0.0166586 0.365349 0.769655 
0.08 0.021645 0.367326 0.70965 
0.36 0.370873 0.22618 0.92651 
0.12 0.0301835 0.340392 0.70965 
0.12 0.0386622 0.332352 0.820905 
0.1 0.0619124 0.320802 0.92651 
0.22 0.116926 0.279629 0.82265 
0.12 0.0360409 0.332359 0.867884 
0.12 0.0301835 0.335372 0.843572 
0.18 0.128918 0.296533 0.721599 
0.12 0.0586422 0.320755 0.769655 
0.1 0.0465176 0.330487 0.769655 
0.06 0.0139433 0.373421 0.848207 
0.12 0.0808721 0.315635 0.769655 
0.08 0.0115184 0.354603 0.886148 
0.14 0.0472177 0.323233 0.750082 
0.08 0.0324761 0.34249 0.836582 
0.36 0.314374 0.247905 0.705902 
0.14 0.0717445 0.310144 0.811438 
0.14 0.0893636 0.321667 0.721599 
0.16 0.0745793 0.300601 0.82265 
0.1 0.0306873 0.344181 0.820905 
0.1 0.0185797 0.353618 0.70965 
0.1 0.0317503 0.341435 0.769655 
0.1 0.0186352 0.353056 0.836582 
0.26 0.234987 0.259947 0.94827 
0.22 0.143237 0.275246 0.82265 
0.2 0.0756551 0.298946 0.750082 
0.16 0.0443616 0.321522 0.707562 
0.12 0.0658999 0.320488 0.769655 
0.28 0.196022 0.255849 0.82265 
0.2 0.0875748 0.288508 0.82265 
0.14 0.0601834 0.315943 0.750082 
0.14 0.0932059 0.302581 0.92651 
0.08 0.0324761 0.347481 0.761731 
0.14 0.0596924 0.305076 0.82265 
0.32 0.181353 0.254351 0.755309 
0.1 0.0465176 0.330487 0.769655 
0.06 0.0166586 0.365349 0.769655 
0.12 0.0386622 0.332352 0.820905 
0.08 0.0115184 0.354603 0.886148 
0.1 0.0431662 0.344833 0.721599 
0.16 0.103337 0.296413 0.769655 
0.18 0.128918 0.296533 0.721599 
0.08 0.0324761 0.34249 0.836582 
0.14 0.0373003 0.328047 0.748614 
0.12 0.0360409 0.332359 0.867884 
0.26 0.14754 0.268384 0.82265 
0.1 0.040451 0.33112 0.836582 
0.14 0.0517047 0.325122 0.705902 
0.12 0.0726026 0.318034 0.92651 
0.14 0.0601834 0.315943 0.750082 
0.06 0.0139433 0.373421 0.848207 
0.12 0.0386622 0.328601 0.79729 
0.36 0.314374 0.247905 0.705902 
0.14 0.0893636 0.321667 0.721599 
0.12 0.0301835 0.340392 0.70965 
0.28 0.13244 0.269308 0.755309 
0.1 0.0317503 0.341435 0.769655 
0.1 0.0306873 0.344181 0.820905 
0.08 0.021645 0.367326 0.70965 
0.16 0.0745793 0.300601 0.82265 
0.1 0.0619124 0.320802 0.92651 
0.04 0.00596839 0.384441 0.865519 
0.18 0.0649649 0.30793 0.707562 
0.18 0.105309 0.287335 0.82265 
0.12 0.0808721 0.315635 0.769655 
0.22 0.143237 0.275246 0.82265 
0.14 0.0596924 0.305076 0.82265 
0.26 0.180943 0.264806 0.705902 
0.08 0.0301237 0.347268 0.82265 
0.28 0.196022 0.255849 0.82265 
0.22 0.116926 0.279629 0.82265 
0.1 0.0330396 0.335031 0.755309 
0.1 0.0185797 0.353618 0.70965 
0.08 0.0237754 0.354687 0.769655 
0.14 0.0717445 0.310144 0.811438 
0.08 0.0381798 0.345826 0.769655 
0.08 0.0115184 0.365566 0.836582 
0.08 0.0539375 0.331312 0.92651 
0.1 0.0892099 0.333666 0.755309 
0.12 0.0586422 0.320755 0.769655 
0.1 0.0186352 0.353056 0.836582 
0.2 0.0904779 0.294883 0.705902 
0.2 0.0875748 0.288508 0.82265 
0.2 0.17296 0.276681 0.82265 
0.08 0.0324761 0.347481 0.761731 
0.2 0.0756551 0.298946 0.750082 
0.14 0.0373003 0.323611 0.82265 
0.12 0.0658999 0.320488 0.769655 
0.26 0.234987 0.259947 0.94827 
0.18 0.0646191 0.303002 0.82265 
0.14 0.0472177 0.323233 0.750082 
0.12 0.0301835 0.335372 0.843572 
0.16 0.0443616 0.321522 0.707562 
0.36 0.370873 0.22618 0.92651 
0.14 0.0932059 0.302581 0.92651 
0.12 0.0386622 0.332352 0.820905 
0.2 0.0756551 0.298946 0.750082 
0.1 0.0330396 0.335031 0.755309 
0.12 0.0808721 0.315635 0.769655 
0.12 0.0360409 0.332359 0.867884 
0.16 0.0443616 0.321522 0.707562 
0.08 0.0115184 0.354603 0.886148 
0.12 0.0301835 0.340392 0.70965 
0.22 0.116926 0.279629 0.82265 
0.22 0.143237 0.275246 0.82265 
0.26 0.234987 0.259947 0.94827 
0.14 0.0373003 0.323611 0.82265 
0.14 0.0717445 0.310144 0.811438 
0.1 0.0431662 0.344833 0.721599 
0.1 0.0465176 0.330487 0.769655 
0.32 0.181353 0.254351 0.755309 
0.14 0.0893636 0.321667 0.721599 
0.2 0.0875748 0.288508 0.82265 
0.14 0.0472177 0.323233 0.750082 
0.1 0.0306873 0.344181 0.820905 
0.1 0.0619124 0.320802 0.92651 
0.14 0.0596924 0.305076 0.82265 
0.2 0.17296 0.276681 0.82265 
