0 53 1 4 57.0272 42.54 3 0.284 6
2 7 8 9 11 16 
1 5 34 90 126.504 56.18 10 0.3079 9
4 6 9 11 14 15 16 17 18 
2 27 22 15 22.9515 90.39 8 0.1868 6
5 9 10 12 18 19 
3 80 41 39 103.058 32.28 4 0.5917 4
1 4 5 10 
4 5 51 3 10.5558 42.22 4 0.2589 10
0 3 6 7 8 9 10 11 12 13 
5 78 77 100 102.94 14.28 6 0.0204 7
4 6 8 10 12 15 18 
6 24 34 74 88.706 69.05 1 0.6901 5
2 5 10 11 13 
7 11 0 95 141.475 20.93 4 0.5602 4
2 13 18 19 
8 11 30 89 95.0512 58.82 2 0.6704 8
0 1 2 5 16 17 18 19 
9 54 77 85 103.974 16.98 3 0.2995 6
1 4 9 10 15 18 
10 10 6 56 117.044 60.55 1 0.6858 2
13 15 
11 69 86 84 89.1216 60.64 1 0.1168 5
3 5 6 13 18 
12 12 77 21 36.7638 67.54 3 0.3762 7
7 8 10 12 15 16 17 
13 48 68 53 64.4266 21.56 9 0.7002 2
1 7 
14 64 26 75 94.5 35.77 6 0.9109 8
0 5 6 8 11 14 15 19 
15 47 28 11 72.8689 27 4 0.9854 4
9 15 16 19 
16 76 19 23 93.6501 41.88 2 0.8262 3
2 6 11 
17 69 17 65 69.2075 21.02 3 0.2504 5
0 7 10 11 15 
18 55 60 52 118.601 68.9 1 0.7096 6
0 4 5 7 12 18 
19 73 22 12 47.4246 40.62 8 0.1654 6
2 6 8 9 12 14 
20 86 73 18 120.458 81.26 8 0.9354 5
0 3 7 9 13 
21 76 55 94 96.856 89.33 5 0.3191 4
5 12 15 18 
22 74 4 57 121.393 56.6 3 0.0276 7
0 8 9 15 16 18 19 
23 52 41 44 83.273 73.45 7 0.2039 6
1 3 7 8 14 19 
24 57 45 67 105.96 53.89 6 0.2547 7
4 5 7 11 13 16 18 
25 84 74 64 138.536 75.68 2 0.3652 8
0 2 3 8 11 14 15 18 
26 24 45 32 143.994 37.16 10 0.228 6
0 2 4 6 18 19 
27 59 80 46 146.859 49.26 2 0.0491 5
0 10 13 15 19 
28 34 9 73 138.065 3.27 1 0.5065 4
2 5 11 18 
29 35 30 55 83.291 46.61 5 0.0132 6
2 5 7 8 9 13 
30 41 67 42 101.724 48.07 8 0.4621 4
2 3 7 15 
31 48 44 81 86.8926 54.78 9 0.8969 7
1 2 5 7 9 11 18 
32 86 84 27 36.2373 64.61 9 0.6195 4
3 6 7 12 
33 97 44 50 54.63 36.41 4 0.0537 7
0 4 6 7 9 12 13 
34 88 83 10 91.172 92.99 9 0.5041 7
0 7 9 11 13 16 17 
35 88 23 21 56.9652 95.66 10 0.0861 3
3 11 17 
36 44 43 48 69.2262 20.03 8 0.1781 8
1 4 6 7 8 16 17 19 
37 49 7 51 78.7299 15.4 6 0.9557 6
0 3 5 11 13 17 
38 4 72 70 110.736 24.49 2 0.7489 6
8 9 11 14 15 18 
39 2 42 90 135.594 96.9 5 0.9621 8
0 1 4 11 13 14 16 17 
40 50 28 72 91.1178 4.76 7 0.2505 5
6 7 13 16 18 
41 75 63 79 88.6631 96.11 2 0.963 9
0 4 5 7 9 10 14 15 18 
42 68 51 31 121.131 51.79 5 0.8715 7
5 7 11 12 13 15 16 
43 32 98 64 122.041 37.24 3 0.8911 7
1 2 8 9 12 13 17 
44 28 27 26 45.2572 57.44 5 0.449 4
3 5 9 15 
45 82 44 87 149.584 84.48 9 0.2099 5
0 2 4 11 15 
46 89 24 28 97.1008 90.65 1 0.1667 6
3 4 6 9 10 14 
47 28 84 2 144.539 0.14 5 0.9234 5
2 5 13 14 15 
48 66 57 19 45.2917 75.2 1 0.6967 6
1 8 9 13 18 19 
49 6 22 42 103.128 26.31 4 0.0349 6
7 9 11 15 16 17 
