0.18 0.140757 0.308687 0.705942 
0.18 0.129439 0.298196 0.78277 
0.1 0.0247018 0.348699 0.722564 
0.06 0.0170214 0.370221 0.722564 
0.06 0.0170214 0.383687 0.878388 
0.14 0.039738 0.332593 0.722564 
0.12 0.0601407 0.323849 0.78277 
0.1 0.0465176 0.332919 0.78277 
0.18 0.0719494 0.310437 0.722564 
0.14 0.0672575 0.313751 0.78277 
0.14 0.0541979 0.318008 0.722564 
0.14 0.101253 0.310712 0.78277 
0.24 0.165706 0.286251 0.705942 
0.16 0.0833184 0.305742 0.78277 
0.1 0.0465176 0.33953 0.722564 
0.12 0.0536344 0.324911 0.78277 
0.12 0.0932785 0.322082 0.78277 
0.1 0.0456595 0.342808 0.813498 
0.1 0.0456595 0.336213 0.78277 
0.18 0.106761 0.311726 0.705942 
0.16 0.0733668 0.309522 0.722564 
0.18 0.0888897 0.304703 0.722564 
0.1 0.0247018 0.348699 0.722564 
0.14 0.0541979 0.318008 0.722564 
0.1 0.0465176 0.33953 0.722564 
0.12 0.0601407 0.324849 0.78277 
0.12 0.0470811 0.326016 0.722564 
0.14 0.0672575 0.313751 0.78277 
0.22 0.16443 0.290969 0.705942 
0.18 0.129439 0.298196 0.78277 
0.12 0.0932785 0.322082 0.78277 
0.12 0.0326767 0.337397 0.722564 
0.14 0.101253 0.310712 0.78277 
0.08 0.0249964 0.358919 0.722564 
0.08 0.0306446 0.354608 0.78277 
0.08 0.0241383 0.355602 0.78277 
0.16 0.0743188 0.308946 0.78277 
0.18 0.165283 0.299858 0.705942 
0.24 0.180977 0.280777 0.78277 
0.06 0.0170214 0.370221 0.722564 
0.12 0.0326767 0.337397 0.722564 
0.18 0.0719494 0.310437 0.722564 
0.12 0.046223 0.32931 0.722564 
0.1 0.0247018 0.348699 0.722564 
0.14 0.0672575 0.313751 0.78277 
0.12 0.0601407 0.324849 0.78277 
0.16 0.117314 0.302704 0.78277 
0.12 0.0470811 0.326016 0.722564 
0.18 0.095443 0.301234 0.78277 
0.14 0.0532843 0.324506 0.722564 
0.08 0.0241383 0.355602 0.78277 
0.12 0.0932785 0.322082 0.78277 
0.08 0.0385427 0.350832 0.722564 
0.1 0.0247018 0.348699 0.722564 
0.14 0.0672575 0.313751 0.78277 
0.1 0.0321132 0.3443 0.78277 
0.06 0.0170214 0.370221 0.722564 
0.12 0.0536344 0.324911 0.78277 
0.16 0.0743188 0.308946 0.78277 
0.08 0.0241383 0.355602 0.78277 
0.12 0.0932785 0.322082 0.78277 
0.14 0.0532843 0.324506 0.722564 
0.18 0.129439 0.298196 0.78277 
0.18 0.0888897 0.304703 0.722564 
0.22 0.130434 0.295255 0.705942 
0.14 0.101253 0.310712 0.78277 
0.14 0.039738 0.332593 0.722564 
0.16 0.143182 0.317266 0.705942 
0.12 0.046223 0.32931 0.722564 
0.14 0.0949606 0.338078 0.716758 
0.12 0.0536344 0.324911 0.78277 
0.1 0.0247018 0.348699 0.722564 
0.06 0.0170214 0.370221 0.722564 
0.14 0.039738 0.332593 0.722564 
0.16 0.0743188 0.308946 0.78277 
0.08 0.0241383 0.355602 0.78277 
0.1 0.0386195 0.343238 0.78277 
0.14 0.101253 0.310712 0.78277 
0.18 0.129439 0.298196 0.78277 
0.12 0.0932785 0.322082 0.78277 
0.14 0.0672575 0.313751 0.78277 
0.14 0.0541979 0.318008 0.722564 
0.12 0.0601407 0.323849 0.78277 
0.22 0.155793 0.291334 0.705942 
0.16 0.140193 0.317669 0.705942 
0.12 0.039183 0.336609 0.722564 
0.12 0.0536344 0.324911 0.78277 
0.16 0.0743188 0.308946 0.78277 
0.08 0.0241383 0.355602 0.78277 
0.08 0.0385427 0.350832 0.722564 
0.2 0.161791 0.288416 0.78277 
0.22 0.168853 0.282988 0.78277 
0.12 0.0932785 0.322082 0.78277 
0.14 0.0672575 0.313751 0.78277 
0.06 0.0170214 0.370221 0.722564 
0.16 0.117314 0.302704 0.78277 
0.12 0.046223 0.32931 0.722564 
0.14 0.0949606 0.338078 0.716758 
0.14 0.0541979 0.318008 0.722564 
0.12 0.0326767 0.337397 0.722564 
0.18 0.165283 0.299858 0.705942 
0.24 0.165706 0.286251 0.705942 
0.12 0.0326767 0.337397 0.722564 
0.18 0.129439 0.298196 0.78277 
0.14 0.0672575 0.313751 0.78277 
0.16 0.148672 0.311524 0.705942 
0.14 0.0541979 0.318008 0.722564 
0.16 0.0743188 0.308946 0.78277 
0.1 0.0321132 0.3443 0.78277 
0.14 0.0949606 0.338078 0.716758 
0.12 0.0932785 0.322082 0.78277 
0.16 0.117314 0.302704 0.78277 
