0.2 0.122671 0.33379 0.825284 
0.24 0.128443 0.314766 0.93846 
0.2 0.161805 0.327863 0.93846 
0.42 0.469029 0.217115 0.66875 
0.16 0.109214 0.369981 0.904839 
0.42 0.324624 0.224243 0.709001 
0.4 0.381692 0.225826 0.93846 
0.22 0.165597 0.316266 0.825284 
0.3 0.19519 0.2858 0.825284 
0.24 0.186645 0.29895 0.93846 
0.28 0.265691 0.287005 0.825284 
0.2 0.140599 0.329061 0.93846 
0.4 0.381692 0.225826 0.93846 
0.28 0.240829 0.288662 0.825284 
0.2 0.161805 0.327863 0.93846 
0.28 0.265691 0.287005 0.825284 
0.2 0.122671 0.33379 0.825284 
0.24 0.186645 0.310281 0.900236 
0.42 0.324624 0.224243 0.709001 
0.26 0.212503 0.294118 0.93846 
0.42 0.469029 0.217115 0.66875 
0.18 0.130934 0.352997 0.93846 
0.24 0.186645 0.310281 0.900236 
0.28 0.240829 0.288662 0.825284 
0.42 0.324624 0.224243 0.709001 
0.24 0.128443 0.314766 0.93846 
0.36 0.351408 0.271574 0.824513 
0.2 0.122671 0.33379 0.825284 
0.28 0.265691 0.287005 0.825284 
0.42 0.469029 0.217115 0.66875 
0.24 0.186645 0.29895 0.93846 
0.16 0.109214 0.369981 0.904839 
0.42 0.324624 0.224243 0.709001 
0.24 0.207851 0.309084 0.900236 
0.2 0.140599 0.329061 0.93846 
0.42 0.469029 0.217115 0.66875 
0.16 0.109214 0.369981 0.904839 
0.3 0.19519 0.2858 0.825284 
0.24 0.186645 0.29895 0.93846 
0.4 0.381692 0.225826 0.93846 
0.2 0.122671 0.33379 0.825284 
0.4 0.381692 0.225826 0.93846 
0.2 0.122671 0.33379 0.825284 
0.24 0.186645 0.29895 0.93846 
0.42 0.469029 0.217115 0.66875 
0.28 0.230256 0.293817 0.820023 
0.42 0.324624 0.224243 0.709001 
0.24 0.128443 0.314766 0.93846 
0.18 0.130934 0.352997 0.93846 
0.24 0.186645 0.310281 0.900236 
0.16 0.109214 0.369981 0.904839 
0.4 0.381692 0.225826 0.93846 
0.24 0.186645 0.310281 0.900236 
0.24 0.186645 0.29895 0.93846 
0.2 0.122671 0.33379 0.825284 
0.42 0.324624 0.224243 0.709001 

