0.18 0.13816 0.343917 0.93846 
0.2 0.170772 0.328704 0.820023 
0.4 0.395348 0.21757 0.93846 
0.3 0.167342 0.275451 0.93846 
0.4 0.466002 0.223374 0.68575 
0.24 0.181326 0.304552 0.817822 
0.22 0.142002 0.319542 0.820023 
0.2 0.138211 0.335442 0.820023 
0.24 0.145048 0.308003 0.93846 
0.28 0.26739 0.274607 0.861263 
0.34 0.315176 0.273296 0.752125 
0.32 0.183715 0.264689 0.824513 
0.44 0.339359 0.214197 0.743553 
0.2 0.138211 0.335442 0.820023 
0.3 0.167342 0.275451 0.93846 
0.4 0.395348 0.21757 0.93846 
0.4 0.466002 0.223374 0.68575 
0.18 0.13816 0.343917 0.93846 
0.24 0.181326 0.304552 0.817822 
0.28 0.26739 0.274607 0.861263 
0.36 0.358153 0.267004 0.752125 
0.2 0.170772 0.328704 0.820023 
0.22 0.142002 0.319542 0.820023 
0.34 0.223608 0.252229 0.824513 
0.44 0.339359 0.214197 0.743553 
0.26 0.154968 0.299325 0.93846 
0.3 0.167342 0.275451 0.93846 
0.24 0.181326 0.304552 0.817822 
0.28 0.26739 0.274607 0.861263 
0.26 0.154968 0.299325 0.93846 
0.22 0.142002 0.319542 0.820023 
0.4 0.395348 0.21757 0.93846 
0.44 0.339359 0.214197 0.743553 
0.36 0.350432 0.268288 0.752125 
0.34 0.223608 0.252229 0.824513 
0.42 0.466701 0.215546 0.68575 
0.2 0.170772 0.328704 0.820023 
0.18 0.13816 0.343917 0.93846 
0.2 0.138211 0.335442 0.820023 
0.24 0.145048 0.308003 0.93846 
0.28 0.26739 0.274607 0.861263 
0.2 0.170772 0.328704 0.820023 
0.42 0.466701 0.215546 0.68575 
0.18 0.13816 0.343917 0.93846 
0.4 0.395348 0.21757 0.93846 
0.44 0.339359 0.214197 0.743553 
0.34 0.223608 0.252229 0.824513 
0.22 0.142002 0.319542 0.820023 
0.3 0.167342 0.275451 0.93846 
0.24 0.181326 0.304552 0.817822 
0.2 0.138211 0.335442 0.820023 
0.36 0.358153 0.267004 0.752125 
0.2 0.138211 0.335442 0.820023 
0.4 0.395348 0.21757 0.93846 
0.3 0.167342 0.275451 0.93846 
0.4 0.466002 0.223374 0.68575 

