0.16 0.1497 0.361442 0.904839 
0.36 0.339225 0.247641 0.896136 
0.4 0.310395 0.237405 0.670658 
0.2 0.161565 0.3432 0.824513 
0.24 0.127346 0.320158 0.824513 
0.28 0.192348 0.290658 0.824513 
0.22 0.173077 0.312881 0.900236 
0.34 0.315102 0.311639 0.709001 
0.2 0.121028 0.3348 0.900236 
0.36 0.210837 0.252609 0.824513 
0.26 0.138697 0.307131 0.900236 
0.38 0.433204 0.246134 0.676127 
0.24 0.246721 0.299468 0.851402 
0.18 0.121671 0.35566 0.824513 
0.14 0.106775 0.378966 0.904839 
0.22 0.173077 0.312881 0.900236 
0.2 0.161565 0.3432 0.824513 
0.28 0.192348 0.290658 0.824513 
0.38 0.433204 0.246134 0.676127 
0.34 0.315102 0.311639 0.709001 
0.3 0.293776 0.266051 0.861263 
0.4 0.310395 0.237405 0.670658 
0.26 0.138697 0.307131 0.900236 
0.24 0.246721 0.299468 0.851402 
0.24 0.127346 0.320158 0.824513 
0.2 0.121028 0.3348 0.900236 
0.36 0.210837 0.252609 0.824513 
0.18 0.121671 0.35566 0.824513 
0.16 0.1497 0.361442 0.904839 
0.14 0.106775 0.378966 0.904839 
0.16 0.1497 0.361442 0.904839 
0.38 0.433204 0.246134 0.676127 
0.26 0.217947 0.295151 0.820023 
0.16 0.116695 0.363601 0.825284 
0.24 0.246721 0.299468 0.851402 
0.22 0.163731 0.32423 0.900236 
0.24 0.127346 0.320158 0.824513 
0.34 0.315102 0.311639 0.709001 
0.2 0.121028 0.3348 0.900236 
0.18 0.121671 0.35566 0.824513 
0.36 0.210837 0.252609 0.824513 
0.32 0.297567 0.250151 0.861263 
0.26 0.138697 0.307131 0.900236 
0.4 0.310395 0.237405 0.670658 
0.22 0.158857 0.340332 0.824513 
0.28 0.192348 0.290658 0.824513 
0.4 0.310395 0.237405 0.670658 
0.2 0.121028 0.3348 0.900236 
0.18 0.121671 0.35566 0.824513 
0.24 0.127346 0.320158 0.824513 
0.22 0.158857 0.340332 0.824513 
0.26 0.138697 0.307131 0.900236 
0.24 0.246721 0.299468 0.851402 
0.32 0.297567 0.250151 0.861263 
0.16 0.1497 0.361442 0.904839 
0.22 0.163731 0.32423 0.900236 

