0.28 0.248786 0.271144 0.817822 
0.26 0.232413 0.281907 0.93846 
0.32 0.338137 0.252371 0.851402 
0.28 0.179336 0.301239 0.824513 
0.24 0.190159 0.294312 0.93846 
0.42 0.423502 0.223139 0.66875 
0.4 0.31857 0.221092 0.862805 
0.26 0.149358 0.292079 0.93846 
0.28 0.241194 0.30379 0.735818 
0.32 0.304025 0.281397 0.711389 
0.24 0.184335 0.316802 0.824513 
0.24 0.139692 0.309329 0.93846 
0.22 0.127981 0.330614 0.900236 
0.22 0.238857 0.30924 0.851402 
0.32 0.202884 0.282192 0.824513 
0.26 0.129786 0.317789 0.824513 
0.28 0.189251 0.279619 0.93846 
0.34 0.292739 0.273916 0.711389 
0.26 0.232413 0.281907 0.93846 
0.4 0.31857 0.221092 0.862805 
0.3 0.288448 0.290589 0.735818 
0.28 0.189251 0.279619 0.93846 
0.22 0.127981 0.330614 0.900236 
0.26 0.129786 0.317789 0.824513 
0.22 0.238857 0.30924 0.851402 
0.32 0.338137 0.252371 0.851402 
0.42 0.423502 0.223139 0.66875 
0.24 0.184335 0.316802 0.824513 
0.24 0.139692 0.309329 0.93846 
0.32 0.202884 0.282192 0.824513 
0.24 0.190159 0.294312 0.93846 
0.32 0.304025 0.281397 0.711389 
0.34 0.292739 0.273916 0.711389 
0.26 0.219475 0.315432 0.824513 
0.26 0.149358 0.292079 0.93846 
0.28 0.229839 0.309331 0.735818 
0.28 0.189251 0.279619 0.93846 
0.32 0.304025 0.281397 0.711389 
0.24 0.139692 0.309329 0.93846 
0.32 0.202884 0.282192 0.824513 
0.34 0.292739 0.273916 0.711389 
0.26 0.129786 0.317789 0.824513 
0.4 0.383187 0.226326 0.709001 
0.22 0.127981 0.330614 0.900236 
0.24 0.184335 0.316802 0.824513 
0.4 0.31857 0.221092 0.862805 
0.26 0.149358 0.292079 0.93846 
0.22 0.238857 0.30924 0.851402 
0.26 0.219475 0.315432 0.824513 
0.26 0.232413 0.281907 0.93846 
0.24 0.190159 0.294312 0.93846 
0.32 0.338137 0.252371 0.851402 
0.28 0.2624 0.302592 0.735818 
0.28 0.248786 0.271144 0.817822 
0.22 0.238857 0.30924 0.851402 
0.34 0.292739 0.273916 0.711389 

