0.24 0.191149 0.311952 0.824513 
0.4 0.414707 0.218945 0.722676 
0.34 0.309149 0.242451 0.861263 
0.22 0.148807 0.336535 0.824513 
0.2 0.147464 0.340312 0.824513 
0.28 0.288693 0.289737 0.817822 
0.3 0.194098 0.275875 0.851402 
0.36 0.276051 0.2405 0.743553 
0.22 0.142275 0.309614 0.93846 
0.18 0.133892 0.349739 0.93846 
0.24 0.198912 0.287686 0.93846 
0.38 0.216211 0.242287 0.861263 
0.26 0.159991 0.295074 0.862805 
0.3 0.280264 0.279512 0.772408 
0.26 0.159991 0.295074 0.862805 
0.3 0.194098 0.275875 0.851402 
0.2 0.147464 0.340312 0.824513 
0.22 0.142275 0.309614 0.93846 
0.3 0.280264 0.279512 0.772408 
0.4 0.414707 0.218945 0.722676 
0.38 0.216211 0.242287 0.861263 
0.18 0.133892 0.349739 0.93846 
0.22 0.148807 0.336535 0.824513 
0.24 0.198912 0.287686 0.93846 
0.34 0.309149 0.242451 0.861263 
0.28 0.288693 0.289737 0.817822 
0.36 0.276051 0.2405 0.743553 
0.24 0.191149 0.311952 0.824513 
0.4 0.257322 0.237839 0.861263 
0.22 0.148807 0.336535 0.824513 
0.3 0.280264 0.279512 0.772408 
0.3 0.194098 0.275875 0.851402 
0.24 0.198912 0.287686 0.93846 
0.4 0.414707 0.218945 0.722676 
0.26 0.159991 0.295074 0.862805 
0.22 0.142275 0.309614 0.93846 
0.2 0.147464 0.340312 0.824513 
0.24 0.191149 0.311952 0.824513 
0.36 0.276051 0.2405 0.743553 
0.28 0.288693 0.289737 0.817822 
0.34 0.309149 0.242451 0.861263 
0.18 0.133892 0.349739 0.93846 
0.18 0.133892 0.349739 0.93846 
0.4 0.257322 0.237839 0.861263 
0.22 0.142275 0.309614 0.93846 
0.2 0.147464 0.340312 0.824513 
0.36 0.276051 0.2405 0.743553 
0.3 0.280264 0.279512 0.772408 
0.32 0.299484 0.259701 0.861263 
0.4 0.414707 0.218945 0.722676 
0.22 0.148807 0.336535 0.824513 
0.28 0.288693 0.289737 0.817822 
0.3 0.194098 0.275875 0.851402 
0.26 0.159991 0.295074 0.862805 
0.24 0.191149 0.311952 0.824513 
0.24 0.198912 0.287686 0.93846 

