0.42 0.461266 0.216809 0.672151 
0.4 0.311131 0.228533 0.709001 
0.36 0.310209 0.229056 0.861263 
0.3 0.207957 0.269297 0.851402 
0.22 0.132679 0.33912 0.824513 
0.24 0.170939 0.314455 0.824513 
0.3 0.285212 0.289292 0.816218 
0.22 0.124013 0.325151 0.93846 
0.26 0.151492 0.32445 0.824513 
0.16 0.11644 0.35947 0.900236 
0.34 0.32687 0.282329 0.66875 
0.3 0.207957 0.269297 0.851402 
0.36 0.310209 0.229056 0.861263 
0.22 0.124013 0.325151 0.93846 
0.16 0.11644 0.35947 0.900236 
0.34 0.32687 0.282329 0.66875 
0.24 0.170939 0.314455 0.824513 
0.22 0.132679 0.33912 0.824513 
0.3 0.285212 0.289292 0.816218 
0.4 0.311131 0.228533 0.709001 
0.24 0.140387 0.314388 0.831648 
0.42 0.461266 0.216809 0.672151 
0.16 0.11644 0.35947 0.900236 
0.38 0.343715 0.22562 0.861263 
0.4 0.311131 0.228533 0.709001 
0.3 0.285212 0.289292 0.816218 
0.22 0.132679 0.33912 0.824513 
0.24 0.140387 0.314388 0.831648 
0.34 0.32687 0.282329 0.66875 
0.22 0.124013 0.325151 0.93846 
0.42 0.461266 0.216809 0.672151 
0.3 0.207957 0.269297 0.851402 
0.24 0.170939 0.314455 0.824513 
0.38 0.271237 0.240993 0.772408 
0.42 0.461266 0.216809 0.672151 
0.22 0.124013 0.325151 0.93846 
0.28 0.211628 0.294741 0.824513 
0.3 0.285212 0.289292 0.816218 
0.36 0.310209 0.229056 0.861263 
0.22 0.132679 0.33912 0.824513 
0.34 0.32687 0.282329 0.66875 
0.18 0.12636 0.350792 0.900236 
0.26 0.151492 0.32445 0.824513 
0.26 0.171735 0.307201 0.824513 
0.4 0.311131 0.228533 0.709001 
0.24 0.170939 0.314455 0.824513 
0.22 0.124013 0.325151 0.93846 
0.18 0.12636 0.350792 0.900236 
0.4 0.358986 0.221152 0.861263 
0.28 0.211628 0.294741 0.824513 
0.34 0.32687 0.282329 0.66875 
0.22 0.132679 0.33912 0.824513 
0.42 0.461266 0.216809 0.672151 
0.42 0.461266 0.216809 0.672151 
0.38 0.343715 0.22562 0.861263 
0.22 0.124013 0.325151 0.93846 

