0.2 0.175739 0.325597 0.820023 
0.28 0.137206 0.319957 0.824513 
0.28 0.202921 0.285364 0.93846 
0.4 0.352214 0.21563 0.858793 
0.18 0.126805 0.340473 0.93846 
0.42 0.478107 0.20775 0.672151 
0.24 0.136549 0.317042 0.93846 
0.42 0.324967 0.216097 0.709001 
0.34 0.304849 0.266176 0.66875 
0.34 0.215841 0.263758 0.824513 
0.24 0.125995 0.337335 0.824513 
0.3 0.158204 0.278648 0.93846 
0.28 0.282467 0.287645 0.816218 
0.24 0.196598 0.301133 0.820023 
0.24 0.196598 0.301133 0.820023 
0.24 0.136549 0.317042 0.93846 
0.24 0.125995 0.337335 0.824513 
0.28 0.282467 0.287645 0.816218 
0.22 0.121018 0.34523 0.900236 
0.28 0.137206 0.319957 0.824513 
0.42 0.324967 0.216097 0.709001 
0.3 0.158204 0.278648 0.93846 
0.2 0.175739 0.325597 0.820023 
0.34 0.243435 0.257286 0.93846 
0.28 0.202921 0.285364 0.93846 
0.4 0.352214 0.21563 0.858793 
0.42 0.478107 0.20775 0.672151 
0.34 0.304849 0.266176 0.66875 
0.28 0.282467 0.287645 0.816218 
0.34 0.215841 0.263758 0.824513 
0.34 0.304849 0.266176 0.66875 
0.28 0.202921 0.285364 0.93846 
0.3 0.158204 0.278648 0.93846 
0.24 0.125995 0.337335 0.824513 
0.42 0.478107 0.20775 0.672151 
0.2 0.175739 0.325597 0.820023 
0.24 0.196598 0.301133 0.820023 
0.28 0.137206 0.319957 0.824513 
0.18 0.126805 0.340473 0.93846 
0.42 0.324967 0.216097 0.709001 
0.4 0.352214 0.21563 0.858793 
0.24 0.136549 0.317042 0.93846 
0.4 0.352214 0.21563 0.858793 
0.28 0.202921 0.285364 0.93846 
0.28 0.282467 0.287645 0.816218 
0.2 0.175739 0.325597 0.820023 
0.28 0.137206 0.319957 0.824513 
0.34 0.304849 0.266176 0.66875 
0.24 0.125995 0.337335 0.824513 
0.18 0.126805 0.340473 0.93846 
0.42 0.324967 0.216097 0.709001 
0.24 0.136549 0.317042 0.93846 
0.42 0.478107 0.20775 0.672151 
0.3 0.158204 0.278648 0.93846 
0.26 0.195102 0.315683 0.93846 
0.34 0.215841 0.263758 0.824513 

