0.26 0.257151 0.286451 0.861263 
0.14 0.106775 0.380598 0.904839 
0.22 0.181275 0.3083 0.93846 
0.22 0.12237 0.333858 0.93846 
0.3 0.281472 0.289393 0.772408 
0.34 0.336072 0.265964 0.861263 
0.18 0.159366 0.335368 0.93846 
0.28 0.175526 0.282434 0.831648 
0.16 0.11644 0.359632 0.831648 
0.42 0.315251 0.219035 0.709001 
0.18 0.122847 0.353402 0.831648 
0.38 0.441324 0.22732 0.700191 
0.2 0.175739 0.324605 0.831648 
0.24 0.138743 0.323095 0.831648 
0.22 0.12237 0.333858 0.93846 
0.28 0.175526 0.282434 0.831648 
0.22 0.181275 0.3083 0.93846 
0.18 0.122847 0.353402 0.831648 
0.16 0.11644 0.359632 0.831648 
0.24 0.138743 0.323095 0.831648 
0.18 0.159366 0.335368 0.93846 
0.14 0.106775 0.380598 0.904839 
0.34 0.324638 0.266012 0.831648 
0.3 0.246328 0.293788 0.772408 
0.26 0.257151 0.286451 0.861263 
0.18 0.159366 0.339421 0.831648 
0.42 0.315251 0.219035 0.709001 
0.36 0.424256 0.245839 0.757185 
0.24 0.138743 0.323095 0.831648 
0.18 0.159366 0.335368 0.93846 
0.36 0.414933 0.239279 0.851402 
0.36 0.424256 0.245839 0.757185 
0.18 0.174267 0.338436 0.851402 
0.42 0.315251 0.219035 0.709001 
0.18 0.122847 0.353402 0.831648 
0.28 0.175526 0.282434 0.831648 
0.22 0.181275 0.3083 0.93846 
0.16 0.11644 0.359632 0.831648 
0.26 0.257151 0.286451 0.861263 
0.3 0.281472 0.289393 0.772408 
0.14 0.106775 0.380598 0.904839 
0.22 0.12237 0.333858 0.93846 
0.18 0.159366 0.335368 0.93846 
0.26 0.257151 0.286451 0.861263 
0.28 0.175526 0.282434 0.831648 
0.18 0.122847 0.353402 0.831648 
0.14 0.106775 0.380598 0.904839 
0.24 0.138743 0.323095 0.831648 
0.34 0.336072 0.265964 0.861263 
0.42 0.315251 0.219035 0.709001 
0.16 0.11644 0.359632 0.831648 
0.2 0.1693 0.320962 0.93846 
0.22 0.12237 0.333858 0.93846 
0.3 0.246328 0.293788 0.772408 
0.4 0.466002 0.226507 0.68575 
0.2 0.175739 0.324605 0.831648 

