0.36 0.303104 0.270165 0.724084 
0.24 0.129874 0.30999 0.93846 
0.28 0.142622 0.302112 0.824513 
0.24 0.18197 0.310185 0.820023 
0.42 0.360046 0.211039 0.861263 
0.28 0.278949 0.267445 0.851402 
0.44 0.327064 0.215897 0.709001 
0.2 0.161805 0.324334 0.93846 
0.26 0.20568 0.282364 0.93846 
0.42 0.452054 0.203132 0.66875 
0.34 0.200625 0.264163 0.824513 
0.18 0.11888 0.344828 0.93846 
0.18 0.117236 0.361922 0.836028 
0.22 0.12237 0.33623 0.825284 
0.28 0.142622 0.302112 0.824513 
0.18 0.11888 0.344828 0.93846 
0.34 0.200625 0.264163 0.824513 
0.22 0.181891 0.317456 0.831648 
0.44 0.327064 0.215897 0.709001 
0.3 0.318843 0.254984 0.851402 
0.22 0.12237 0.33623 0.825284 
0.42 0.452054 0.203132 0.66875 
0.36 0.303104 0.270165 0.724084 
0.26 0.20568 0.282364 0.93846 
0.42 0.360046 0.211039 0.861263 
0.18 0.117236 0.361922 0.836028 
0.24 0.129874 0.30999 0.93846 
0.22 0.178873 0.305731 0.93846 
0.24 0.18197 0.310185 0.820023 
0.36 0.303104 0.270165 0.724084 
0.3 0.180461 0.290825 0.93846 
0.28 0.278949 0.267445 0.851402 
0.22 0.12237 0.33623 0.825284 
0.24 0.129874 0.30999 0.93846 
0.32 0.196834 0.280063 0.836028 
0.42 0.452054 0.203132 0.66875 
0.22 0.165597 0.308717 0.93846 
0.44 0.327064 0.215897 0.709001 
0.18 0.117236 0.361922 0.836028 
0.28 0.142622 0.302112 0.824513 
0.18 0.11888 0.344828 0.93846 
0.44 0.395301 0.205562 0.861263 
0.28 0.142622 0.302112 0.824513 
0.18 0.117236 0.361922 0.836028 
0.22 0.12237 0.33623 0.825284 
0.26 0.20568 0.282364 0.93846 
0.44 0.327064 0.215897 0.709001 
0.44 0.395301 0.205562 0.861263 
0.32 0.196834 0.280063 0.836028 
0.36 0.303104 0.270165 0.724084 
0.42 0.452054 0.203132 0.66875 
0.3 0.318843 0.254984 0.851402 
0.24 0.18197 0.310185 0.820023 
0.24 0.129874 0.30999 0.93846 
0.18 0.11888 0.344828 0.93846 
0.24 0.129874 0.30999 0.93846 

