0.26 0.13891 0.307529 0.93846 
0.32 0.222803 0.255243 0.93846 
0.2 0.135105 0.338832 0.900236 
0.3 0.154658 0.295656 0.900236 
0.3 0.153228 0.300005 0.824513 
0.2 0.176688 0.32342 0.93846 
0.26 0.176493 0.312832 0.772408 
0.2 0.175994 0.334169 0.820023 
0.36 0.29054 0.256765 0.709001 
0.28 0.215424 0.283026 0.93846 
0.32 0.194218 0.261635 0.824513 
0.28 0.294832 0.297027 0.861263 
0.24 0.150446 0.324836 0.772408 
0.4 0.437996 0.231371 0.66875 
0.4 0.337257 0.223702 0.861263 
0.42 0.310983 0.227732 0.709001 
0.26 0.176493 0.312832 0.772408 
0.28 0.301257 0.27873 0.816218 
0.2 0.135105 0.338832 0.900236 
0.28 0.215424 0.283026 0.93846 
0.24 0.150446 0.324836 0.772408 
0.26 0.13891 0.307529 0.93846 
0.22 0.210082 0.319343 0.93846 
0.2 0.175994 0.334169 0.820023 
0.36 0.29054 0.256765 0.709001 
0.32 0.194218 0.261635 0.824513 
0.3 0.154658 0.295656 0.900236 
0.32 0.222803 0.255243 0.93846 
0.42 0.310983 0.227732 0.709001 
0.4 0.337257 0.223702 0.861263 
0.34 0.354172 0.269567 0.772408 
0.3 0.153228 0.300005 0.824513 
0.3 0.255318 0.270566 0.93846 
0.2 0.135105 0.338832 0.900236 
0.28 0.301257 0.27873 0.816218 
0.4 0.337257 0.223702 0.861263 
0.26 0.14034 0.302753 0.93846 
0.24 0.150446 0.324836 0.772408 
0.22 0.210082 0.319343 0.93846 
0.36 0.29054 0.256765 0.709001 
0.42 0.310983 0.227732 0.709001 
0.32 0.194218 0.261635 0.824513 
0.2 0.175994 0.334169 0.820023 
0.3 0.153228 0.300005 0.824513 
0.26 0.176493 0.312832 0.772408 
0.32 0.222803 0.255243 0.93846 
0.34 0.354172 0.269567 0.772408 
0.2 0.175994 0.334169 0.820023 
0.32 0.222803 0.255243 0.93846 
0.28 0.301257 0.27873 0.816218 
0.4 0.437996 0.231371 0.66875 
0.24 0.150446 0.324836 0.772408 
0.28 0.215424 0.283026 0.93846 
0.26 0.176493 0.312832 0.772408 
0.3 0.153228 0.300005 0.824513 
0.42 0.310983 0.227732 0.709001 

