0.24 0.136915 0.330068 0.820023 
0.28 0.2186 0.289853 0.93846 
0.34 0.290346 0.268473 0.711389 
0.34 0.218516 0.265083 0.824513 
0.2 0.123643 0.345987 0.900236 
0.22 0.172661 0.319393 0.93846 
0.2 0.166254 0.335407 0.825284 
0.28 0.257188 0.2649 0.824513 
0.28 0.143673 0.304397 0.824513 
0.18 0.12636 0.347867 0.825284 
0.42 0.49105 0.221388 0.66875 
0.24 0.220109 0.315771 0.858793 
0.4 0.38297 0.209392 0.896136 
0.24 0.14315 0.316599 0.900236 
0.24 0.1751 0.308359 0.93846 
0.18 0.12636 0.347867 0.825284 
0.24 0.136915 0.330068 0.820023 
0.4 0.38297 0.209392 0.896136 
0.34 0.290346 0.268473 0.711389 
0.28 0.257188 0.2649 0.824513 
0.28 0.143673 0.304397 0.824513 
0.2 0.166254 0.335407 0.825284 
0.2 0.123643 0.345987 0.900236 
0.24 0.220109 0.315771 0.858793 
0.32 0.168138 0.288877 0.900236 
0.22 0.172661 0.319393 0.93846 
0.4 0.483551 0.256126 0.735818 
0.28 0.257188 0.2649 0.824513 
0.24 0.136915 0.330068 0.820023 
0.42 0.49105 0.221388 0.66875 
0.2 0.166254 0.335407 0.825284 
0.28 0.201916 0.300569 0.817822 
0.22 0.172661 0.319393 0.93846 
0.24 0.1751 0.308359 0.93846 
0.34 0.194515 0.275523 0.824513 
0.28 0.143673 0.304397 0.824513 
0.34 0.290346 0.268473 0.711389 
0.42 0.49105 0.217636 0.861263 
0.2 0.123643 0.345987 0.900236 
0.18 0.12636 0.347867 0.825284 
0.18 0.12636 0.347867 0.825284 
0.42 0.49105 0.221388 0.66875 
0.2 0.166254 0.333804 0.825284 
0.22 0.172661 0.319393 0.93846 
0.32 0.168138 0.288877 0.900236 
0.34 0.290346 0.268473 0.711389 
0.24 0.136915 0.330068 0.820023 
0.28 0.143673 0.304397 0.824513 
0.24 0.220109 0.315771 0.858793 
0.24 0.1751 0.308359 0.93846 
0.2 0.123643 0.345987 0.900236 
0.28 0.257188 0.2649 0.824513 
0.4 0.38297 0.209392 0.896136 
0.34 0.195945 0.270747 0.824513 
0.2 0.166254 0.333804 0.825284 
0.18 0.12636 0.347867 0.825284 

