0.42 0.429756 0.220785 0.66875 
0.3 0.151769 0.301854 0.831648 
0.22 0.177382 0.330926 0.900236 
0.34 0.200893 0.268389 0.858793 
0.28 0.261734 0.28232 0.824513 
0.28 0.204699 0.280082 0.93846 
0.24 0.139044 0.333402 0.825284 
0.3 0.156713 0.284813 0.93846 
0.18 0.115621 0.372156 0.904839 
0.26 0.163606 0.321466 0.825284 
0.26 0.13485 0.317125 0.896643 
0.36 0.296817 0.274451 0.709001 
0.4 0.329795 0.216651 0.861263 
0.26 0.13485 0.317125 0.896643 
0.3 0.151769 0.301854 0.831648 
0.36 0.296817 0.274451 0.709001 
0.28 0.204699 0.280082 0.93846 
0.18 0.115621 0.372156 0.904839 
0.24 0.139044 0.333402 0.825284 
0.26 0.163606 0.321466 0.825284 
0.42 0.429756 0.220785 0.66875 
0.32 0.28699 0.269774 0.824513 
0.34 0.296655 0.252524 0.824513 
0.22 0.177382 0.330926 0.900236 
0.3 0.156713 0.284813 0.93846 
0.32 0.170235 0.281396 0.93846 
0.3 0.156713 0.284813 0.93846 
0.36 0.296817 0.274451 0.709001 
0.32 0.195709 0.280766 0.858793 
0.44 0.433547 0.204884 0.66875 
0.26 0.148964 0.322645 0.825284 
0.18 0.115621 0.372156 0.904839 
0.22 0.177382 0.330926 0.900236 
0.3 0.246758 0.276677 0.93846 
0.4 0.329795 0.216651 0.861263 
0.28 0.145363 0.314098 0.831648 
0.26 0.13485 0.317125 0.896643 
0.28 0.188427 0.288899 0.93846 
0.24 0.139044 0.333402 0.825284 
0.28 0.204699 0.280082 0.93846 
0.18 0.115621 0.372156 0.904839 
0.44 0.433547 0.204884 0.66875 
0.26 0.13485 0.317125 0.896643 
0.28 0.2035 0.309006 0.825284 
0.36 0.296817 0.274451 0.709001 
0.3 0.246758 0.276677 0.93846 
0.28 0.145363 0.314098 0.831648 
0.22 0.177382 0.330926 0.900236 
0.34 0.296655 0.252524 0.824513 
0.3 0.156713 0.284813 0.93846 
0.34 0.200893 0.268389 0.858793 
0.24 0.139044 0.333402 0.825284 
0.24 0.139044 0.333402 0.825284 
0.36 0.296817 0.274451 0.709001 
0.28 0.145363 0.314098 0.831648 
0.3 0.186228 0.307001 0.825284 

