0.26 0.143145 0.315698 0.93846 
0.4 0.46546 0.229347 0.676127 
0.32 0.278426 0.271473 0.709001 
0.42 0.320278 0.227768 0.709001 
0.2 0.187173 0.327219 0.820023 
0.28 0.281069 0.274775 0.851402 
0.3 0.213531 0.275058 0.824513 
0.26 0.194987 0.289836 0.93846 
0.18 0.149427 0.344719 0.851402 
0.22 0.158403 0.318057 0.820023 
0.26 0.209962 0.302824 0.820023 
0.28 0.159519 0.304936 0.824513 
0.36 0.330874 0.224917 0.861263 
0.3 0.159519 0.299245 0.93846 
0.22 0.169758 0.317443 0.820023 
0.2 0.187173 0.327219 0.820023 
0.4 0.46546 0.229347 0.676127 
0.28 0.159519 0.304936 0.824513 
0.3 0.159519 0.299245 0.93846 
0.32 0.267071 0.277014 0.709001 
0.18 0.149427 0.344719 0.851402 
0.3 0.29834 0.261552 0.93846 
0.26 0.194987 0.289836 0.93846 
0.24 0.163379 0.31454 0.820023 
0.26 0.143145 0.315698 0.93846 
0.28 0.211091 0.285828 0.824513 
0.42 0.320278 0.227768 0.709001 
0.36 0.330874 0.224917 0.861263 
0.32 0.267071 0.277014 0.709001 
0.3 0.159519 0.299245 0.93846 
0.28 0.281069 0.274775 0.851402 
0.26 0.209962 0.302824 0.820023 
0.4 0.46546 0.229347 0.676127 
0.42 0.320278 0.227768 0.709001 
0.36 0.330874 0.224917 0.861263 
0.22 0.158403 0.318057 0.820023 
0.26 0.143145 0.315698 0.93846 
0.18 0.149427 0.344719 0.851402 
0.26 0.194987 0.289836 0.93846 
0.3 0.213531 0.275058 0.824513 
0.2 0.187173 0.327219 0.820023 
0.28 0.159519 0.304936 0.824513 
0.4 0.46546 0.229347 0.676127 
0.32 0.324199 0.251793 0.93846 
0.32 0.267071 0.277014 0.709001 
0.2 0.187173 0.327219 0.820023 
0.3 0.159519 0.299245 0.93846 
0.28 0.281069 0.274775 0.851402 
0.28 0.211091 0.285828 0.824513 
0.42 0.320278 0.227768 0.709001 
0.26 0.143145 0.315698 0.93846 
0.26 0.194987 0.289836 0.93846 
0.28 0.159519 0.304936 0.824513 
0.18 0.149427 0.344719 0.851402 
0.22 0.158403 0.318057 0.820023 
0.18 0.149427 0.344719 0.851402 

