0.32 0.261798 0.295808 0.711389 
0.14 0.106775 0.378966 0.904839 
0.2 0.118315 0.347045 0.904839 
0.42 0.31357 0.219318 0.709001 
0.28 0.179132 0.290532 0.825284 
0.24 0.128777 0.315854 0.825284 
0.42 0.43338 0.220665 0.66875 
0.18 0.14989 0.344303 0.904839 
0.36 0.313107 0.231033 0.861263 
0.2 0.118579 0.343998 0.825284 
0.2 0.159556 0.32935 0.825284 
0.14 0.106775 0.378966 0.904839 
0.24 0.128777 0.315854 0.825284 
0.2 0.118579 0.343998 0.825284 
0.42 0.43338 0.220665 0.66875 
0.2 0.118315 0.347045 0.904839 
0.2 0.159556 0.32935 0.825284 
0.18 0.14989 0.344303 0.904839 
0.42 0.31357 0.219318 0.709001 
0.28 0.179132 0.290532 0.825284 
0.32 0.261798 0.295808 0.711389 
0.4 0.411915 0.22196 0.816218 
0.42 0.31357 0.219318 0.709001 
0.18 0.14989 0.344303 0.904839 
0.24 0.128777 0.315854 0.825284 
0.42 0.43338 0.220665 0.66875 
0.2 0.118579 0.343998 0.825284 
0.4 0.411915 0.22196 0.816218 
0.14 0.106775 0.378966 0.904839 
0.32 0.263358 0.273529 0.711389 
0.2 0.159556 0.32935 0.825284 
0.28 0.179132 0.290532 0.825284 
0.2 0.118315 0.347045 0.904839 
0.38 0.353001 0.218573 0.861263 
0.42 0.43338 0.220665 0.66875 
0.18 0.14989 0.344303 0.904839 
0.2 0.159556 0.32935 0.825284 
0.32 0.261798 0.295808 0.711389 
0.2 0.118315 0.347045 0.904839 
0.14 0.106775 0.378966 0.904839 
0.28 0.179132 0.290532 0.825284 
0.44 0.347076 0.215882 0.709001 
0.24 0.128777 0.315854 0.825284 
0.2 0.118579 0.343998 0.825284 
0.42 0.31357 0.219318 0.709001 
0.2 0.118579 0.343998 0.825284 
0.18 0.14989 0.344303 0.904839 
0.2 0.159556 0.32935 0.825284 
0.24 0.128777 0.315854 0.825284 
0.42 0.43338 0.220665 0.66875 
0.4 0.411915 0.22196 0.816218 
0.32 0.263358 0.273529 0.711389 
0.14 0.106775 0.378966 0.904839 
0.2 0.118315 0.347045 0.904839 
0.28 0.179132 0.290532 0.825284 
0.28 0.179132 0.290532 0.825284 

