0.42 0.321157 0.225126 0.770481 
0.28 0.151478 0.301563 0.824513 
0.18 0.121671 0.352363 0.93846 
0.32 0.206476 0.271407 0.824513 
0.26 0.263497 0.27516 0.851402 
0.22 0.123722 0.335108 0.825284 
0.26 0.205425 0.285172 0.93846 
0.42 0.469251 0.218818 0.66875 
0.22 0.202065 0.319474 0.825284 
0.16 0.116695 0.363601 0.825284 
0.22 0.132591 0.321061 0.93846 
0.32 0.292457 0.275163 0.705178 
0.4 0.376915 0.21093 0.896136 
0.26 0.263497 0.27516 0.851402 
0.24 0.201634 0.301072 0.93846 
0.26 0.146502 0.315421 0.900236 
0.16 0.116695 0.363601 0.825284 
0.28 0.151478 0.301563 0.824513 
0.22 0.132591 0.330358 0.825284 
0.44 0.478917 0.200841 0.66875 
0.4 0.376915 0.21093 0.896136 
0.18 0.121671 0.352363 0.93846 
0.34 0.293799 0.272058 0.705178 
0.32 0.206476 0.271407 0.824513 
0.44 0.357991 0.214549 0.770481 
0.2 0.166254 0.336861 0.825284 
0.26 0.263497 0.27516 0.851402 
0.44 0.478917 0.200841 0.66875 
0.32 0.261896 0.273514 0.820023 
0.22 0.132591 0.330358 0.825284 
0.18 0.121671 0.352363 0.93846 
0.26 0.146502 0.315421 0.900236 
0.16 0.116695 0.363601 0.825284 
0.2 0.166254 0.336861 0.825284 
0.28 0.151478 0.301563 0.824513 
0.4 0.376915 0.21093 0.896136 
0.34 0.293799 0.272058 0.705178 
0.24 0.201634 0.301072 0.93846 
0.44 0.357991 0.214549 0.770481 
0.42 0.321157 0.225126 0.770481 
0.28 0.151478 0.301563 0.824513 
0.22 0.132591 0.330358 0.825284 
0.26 0.205425 0.285172 0.93846 
0.32 0.193135 0.2946 0.824513 
0.22 0.132591 0.321061 0.93846 
0.16 0.116695 0.363601 0.825284 
0.26 0.263497 0.27516 0.851402 
0.42 0.469251 0.218818 0.66875 
0.2 0.166254 0.336861 0.825284 
0.4 0.376915 0.21093 0.896136 
0.34 0.293799 0.272058 0.705178 
0.18 0.121671 0.352363 0.93846 
0.18 0.121671 0.352363 0.93846 
0.32 0.261896 0.273514 0.820023 
0.26 0.207198 0.299797 0.825284 
0.26 0.263497 0.27516 0.851402 

