0.4 0.445023 0.237702 0.66875 
0.2 0.169286 0.32911 0.825284 
0.24 0.160454 0.307614 0.93846 
0.24 0.13953 0.315204 0.93846 
0.4 0.298877 0.227382 0.709001 
0.36 0.32318 0.280937 0.705178 
0.28 0.160389 0.294887 0.93846 
0.2 0.121828 0.343923 0.825284 
0.3 0.180942 0.28094 0.824513 
0.26 0.143321 0.307221 0.825284 
0.18 0.15962 0.34636 0.825284 
0.34 0.279833 0.253722 0.872252 
0.18 0.120486 0.347701 0.825284 
0.28 0.160389 0.294887 0.93846 
0.2 0.121828 0.343923 0.825284 
0.36 0.32318 0.280937 0.705178 
0.32 0.23994 0.266182 0.872252 
0.26 0.176364 0.304627 0.93846 
0.2 0.163412 0.33046 0.825284 
0.4 0.298877 0.227382 0.709001 
0.34 0.279833 0.253722 0.872252 
0.18 0.15962 0.34636 0.825284 
0.16 0.116695 0.363601 0.825284 
0.4 0.445023 0.237702 0.66875 
0.24 0.13953 0.315204 0.93846 
0.26 0.143321 0.307221 0.825284 
0.32 0.23994 0.266182 0.872252 
0.4 0.445023 0.237702 0.66875 
0.18 0.15962 0.34636 0.825284 
0.38 0.293901 0.231552 0.93846 
0.24 0.13953 0.315204 0.93846 
0.28 0.160389 0.294887 0.93846 
0.36 0.32318 0.280937 0.705178 
0.26 0.143321 0.307221 0.825284 
0.2 0.121828 0.343923 0.825284 
0.2 0.169286 0.32911 0.825284 
0.4 0.298877 0.227382 0.709001 
0.18 0.117491 0.356347 0.825284 
0.26 0.176364 0.304627 0.93846 
0.3 0.180942 0.28094 0.824513 
0.18 0.120486 0.347701 0.825284 
0.18 0.15962 0.34636 0.825284 
0.4 0.298877 0.227382 0.709001 
0.26 0.143321 0.307221 0.825284 
0.26 0.176364 0.304627 0.93846 
0.2 0.169286 0.32911 0.825284 
0.24 0.13953 0.315204 0.93846 
0.28 0.160389 0.294887 0.93846 
0.34 0.279833 0.253722 0.872252 
0.4 0.445023 0.237702 0.66875 
0.38 0.371114 0.270324 0.705178 
0.2 0.121828 0.343923 0.825284 
0.28 0.160389 0.294887 0.93846 
0.2 0.169286 0.32911 0.825284 
0.3 0.180942 0.28094 0.824513 
0.18 0.15962 0.34636 0.825284 

