0.24 0.188807 0.291755 0.93846 
0.26 0.135396 0.309828 0.824513 
0.4 0.30246 0.235311 0.709001 
0.16 0.113181 0.366676 0.904839 
0.32 0.18533 0.278793 0.858793 
0.4 0.354542 0.219401 0.861263 
0.22 0.165101 0.327712 0.824513 
0.28 0.14115 0.293138 0.93846 
0.34 0.200639 0.251485 0.824513 
0.18 0.136429 0.362625 0.824513 
0.22 0.125198 0.331424 0.93846 
0.32 0.279296 0.288134 0.709001 
0.26 0.242972 0.283714 0.851402 
0.38 0.374221 0.220517 0.66875 
0.2 0.125208 0.347724 0.824513 
0.22 0.125198 0.331424 0.93846 
0.38 0.374221 0.220517 0.66875 
0.38 0.374221 0.216765 0.861263 
0.18 0.136429 0.37094 0.824513 
0.26 0.135396 0.309828 0.824513 
0.22 0.165101 0.327712 0.824513 
0.24 0.175669 0.318871 0.93846 
0.28 0.14115 0.293138 0.93846 
0.32 0.279296 0.288134 0.709001 
0.16 0.113181 0.366676 0.904839 
0.32 0.18533 0.278793 0.858793 
0.34 0.200639 0.251485 0.824513 
0.4 0.30246 0.235311 0.709001 
0.2 0.125208 0.347724 0.824513 
0.28 0.230464 0.284792 0.93846 
0.18 0.136429 0.37094 0.824513 
0.24 0.188807 0.291755 0.93846 
0.32 0.18533 0.278793 0.858793 
0.2 0.125208 0.347724 0.824513 
0.26 0.242972 0.283714 0.851402 
0.36 0.369036 0.231279 0.851402 
0.32 0.279296 0.288134 0.709001 
0.34 0.200639 0.251485 0.824513 
0.38 0.374221 0.220517 0.66875 
0.16 0.113181 0.366676 0.904839 
0.22 0.165101 0.327712 0.824513 
0.4 0.30246 0.235311 0.709001 
0.26 0.135396 0.309828 0.824513 
0.22 0.125198 0.331424 0.93846 
0.28 0.14115 0.293138 0.93846 
0.28 0.14115 0.293138 0.93846 
0.22 0.165101 0.327712 0.824513 
0.38 0.374221 0.220517 0.66875 
0.4 0.30246 0.235311 0.709001 
0.16 0.113181 0.366676 0.904839 
0.26 0.242972 0.283714 0.851402 
0.3 0.157523 0.282375 0.824513 
0.2 0.120222 0.341862 0.93846 
0.26 0.135396 0.309828 0.824513 
0.32 0.279296 0.288134 0.709001 
0.18 0.136429 0.37094 0.824513 

