0.22 0.123467 0.329507 0.825284 
0.42 0.309997 0.230597 0.858846 
0.4 0.472339 0.226951 0.851402 
0.18 0.115621 0.353434 0.93846 
0.26 0.234797 0.281388 0.851402 
0.24 0.177692 0.310169 0.851402 
0.24 0.141081 0.307076 0.93846 
0.4 0.35395 0.268811 0.681392 
0.2 0.119676 0.341761 0.825284 
0.44 0.327064 0.213843 0.709001 
0.32 0.194315 0.260851 0.824513 
0.3 0.23732 0.265795 0.93846 
0.34 0.220174 0.256019 0.824513 
0.22 0.123467 0.329507 0.825284 
0.4 0.35395 0.268811 0.681392 
0.28 0.238588 0.265488 0.851402 
0.18 0.115621 0.353434 0.93846 
0.3 0.23732 0.265795 0.93846 
0.44 0.327064 0.213843 0.709001 
0.4 0.472339 0.226951 0.851402 
0.24 0.141081 0.299421 0.93846 
0.24 0.177692 0.310169 0.851402 
0.4 0.451133 0.228148 0.851402 
0.2 0.119676 0.341761 0.825284 
0.4 0.35395 0.268811 0.681392 
0.42 0.478746 0.224314 0.851402 
0.44 0.327064 0.213843 0.709001 
0.2 0.119676 0.341761 0.825284 
0.32 0.280296 0.256614 0.93846 
0.3 0.23732 0.265795 0.93846 
0.18 0.115621 0.353434 0.93846 
0.22 0.123467 0.329507 0.825284 
0.32 0.194315 0.260851 0.824513 
0.26 0.234797 0.281388 0.851402 
0.24 0.141081 0.307076 0.93846 
0.24 0.163703 0.299373 0.861263 
0.44 0.327064 0.213843 0.709001 
0.42 0.309997 0.230597 0.858846 
0.22 0.123467 0.329507 0.825284 
0.34 0.220174 0.256019 0.824513 
0.4 0.35395 0.268811 0.681392 
0.2 0.119676 0.341761 0.825284 
0.24 0.141081 0.307076 0.93846 
0.28 0.238588 0.265488 0.851402 
0.3 0.23732 0.265795 0.93846 
0.4 0.472339 0.226951 0.851402 
0.24 0.177692 0.310169 0.851402 
0.18 0.115621 0.353434 0.93846 
0.2 0.119676 0.341761 0.825284 
0.32 0.280296 0.256614 0.93846 
0.44 0.327064 0.213843 0.709001 
0.4 0.472339 0.226951 0.851402 
0.22 0.123467 0.329507 0.825284 
0.28 0.238588 0.265488 0.851402 
0.3 0.23732 0.265795 0.93846 
0.4 0.35395 0.268811 0.681392 

