0.2 0.159556 0.327064 0.900236 
0.42 0.444717 0.213619 0.676127 
0.26 0.252591 0.294925 0.851402 
0.22 0.127689 0.324433 0.93846 
0.16 0.123842 0.355395 0.904839 
0.3 0.190983 0.270138 0.824513 
0.34 0.307131 0.281207 0.705178 
0.24 0.184131 0.292751 0.93846 
0.16 0.11644 0.357999 0.825284 
0.22 0.189372 0.317364 0.820023 
0.44 0.329943 0.212572 0.709001 
0.2 0.125208 0.339086 0.824513 
0.36 0.32212 0.225844 0.861263 
0.22 0.189372 0.317364 0.820023 
0.16 0.123842 0.355395 0.904839 
0.36 0.32212 0.225844 0.861263 
0.28 0.257776 0.284164 0.817822 
0.4 0.411323 0.217974 0.676127 
0.2 0.159556 0.327064 0.900236 
0.24 0.184131 0.301735 0.93846 
0.16 0.11644 0.357999 0.825284 
0.42 0.314366 0.221772 0.735818 
0.3 0.190983 0.270138 0.824513 
0.22 0.127689 0.324433 0.93846 
0.34 0.307131 0.281207 0.705178 
0.34 0.307131 0.281207 0.705178 
0.18 0.121417 0.350059 0.824513 
0.24 0.184131 0.301735 0.93846 
0.36 0.32212 0.225844 0.861263 
0.22 0.127689 0.324433 0.93846 
0.4 0.390117 0.219172 0.676127 
0.2 0.159556 0.327064 0.900236 
0.3 0.190983 0.270138 0.824513 
0.44 0.329943 0.212572 0.709001 
0.28 0.257776 0.284164 0.817822 
0.16 0.123842 0.355395 0.904839 
0.22 0.189372 0.317364 0.820023 
0.16 0.123842 0.355395 0.904839 
0.28 0.257776 0.284164 0.817822 
0.36 0.379188 0.24597 0.851402 
0.22 0.127689 0.324433 0.93846 
0.2 0.159556 0.327064 0.900236 
0.3 0.190983 0.270138 0.824513 
0.18 0.121417 0.350059 0.824513 
0.24 0.184131 0.301735 0.93846 
0.42 0.314366 0.221772 0.735818 
0.22 0.189372 0.317364 0.820023 
0.34 0.307131 0.281207 0.705178 
0.4 0.411323 0.217974 0.676127 
0.26 0.252591 0.294925 0.851402 
0.36 0.379188 0.24597 0.851402 
0.42 0.444717 0.213619 0.676127 
0.16 0.123842 0.355395 0.904839 
0.34 0.307131 0.281207 0.705178 
0.22 0.127689 0.324433 0.93846 
0.18 0.121417 0.350059 0.824513 

