0.2 0.164208 0.324077 0.93846 
0.34 0.303632 0.27282 0.66875 
0.22 0.130156 0.328048 0.93846 
0.26 0.265812 0.295598 0.817822 
0.22 0.180581 0.313315 0.817822 
0.38 0.375572 0.212909 0.861263 
0.2 0.143178 0.340211 0.820023 
0.42 0.327504 0.221831 0.709001 
0.28 0.139706 0.311735 0.824513 
0.16 0.117139 0.369696 0.904839 
0.4 0.475588 0.225604 0.722676 
0.32 0.206286 0.282746 0.82225 
0.24 0.199125 0.296785 0.93846 
0.2 0.164208 0.324077 0.93846 
0.26 0.129786 0.320414 0.824513 
0.24 0.133947 0.319335 0.93846 
0.42 0.327504 0.221831 0.709001 
0.32 0.206286 0.282746 0.82225 
0.2 0.143178 0.340211 0.820023 
0.42 0.480565 0.221443 0.676127 
0.26 0.265812 0.295598 0.817822 
0.24 0.199125 0.296785 0.93846 
0.38 0.375572 0.212909 0.861263 
0.16 0.117139 0.369696 0.904839 
0.22 0.180581 0.313315 0.817822 
0.34 0.303632 0.27282 0.66875 
0.28 0.178058 0.311014 0.824513 
0.2 0.164208 0.324077 0.93846 
0.16 0.117139 0.369696 0.904839 
0.24 0.199125 0.296785 0.93846 
0.22 0.145617 0.329177 0.820023 
0.42 0.327504 0.221831 0.709001 
0.22 0.180581 0.313315 0.817822 
0.24 0.133947 0.319335 0.93846 
0.38 0.375572 0.212909 0.861263 
0.34 0.292276 0.278361 0.66875 
0.26 0.129786 0.320414 0.824513 
0.26 0.265812 0.295598 0.817822 
0.42 0.480565 0.221443 0.676127 
0.42 0.327504 0.221831 0.709001 
0.34 0.292276 0.278361 0.66875 
0.24 0.133947 0.319335 0.93846 
0.24 0.199125 0.296785 0.93846 
0.22 0.145617 0.329177 0.820023 
0.16 0.117139 0.369696 0.904839 
0.2 0.164208 0.324077 0.93846 
0.26 0.129786 0.320414 0.824513 
0.28 0.275746 0.284608 0.817822 
0.32 0.206286 0.282746 0.82225 
0.38 0.375572 0.212909 0.861263 
0.42 0.480565 0.221443 0.676127 
0.22 0.180581 0.313315 0.817822 
0.34 0.292276 0.278361 0.66875 
0.42 0.327504 0.221831 0.709001 
0.38 0.375572 0.212909 0.861263 
0.42 0.480565 0.221443 0.676127 

